返回码=200
抓取：http://kaijiang.zhcw.com/zhcw/html/ssq/list_1.html
2013-09-22	2013111	01 02 03 06 08 33 13	401502238	22	252
2013-09-19	2013110	15 17 18 21 29 32 13	341867256	4	56
2013-09-17	2013109	09 23 24 27 29 32 08	351155742	5	103
2013-09-15	2013108	16 21 22 28 31 32 05	384725718	3	60
2013-09-12	2013107	07 09 11 17 28 31 11	349907348	7	120
2013-09-10	2013106	09 11 23 30 31 32 06	344715810	4	77
2013-09-08	2013105	01 11 23 27 31 32 09	380197404	5	70
2013-09-05	2013104	01 02 04 15 17 28 11	339771188	4	88
2013-09-03	2013103	02 04 09 13 18 20 07	329389008	5	111
2013-09-01	2013102	02 04 05 06 08 16 03	374113680	12	142
2013-08-29	2013101	05 07 09 23 27 32 01	339246710	4	83
2013-08-27	2013100	04 08 11 14 16 20 11	324850520	0	61
2013-08-25	2013099	05 11 20 21 26 31 03	359490506	13	173
2013-08-22	2013098	07 15 18 19 20 26 14	333979300	28	291
2013-08-20	2013097	05 14 17 22 23 25 07	326153582	3	152
2013-08-18	2013096	01 02 22 28 29 30 15	364530978	9	112
2013-08-15	2013095	01 06 15 19 28 29 10	321839422	5	144
2013-08-13	2013094	02 04 14 18 20 22 07	320217972	11	113
2013-08-11	2013093	01 02 08 26 29 31 14	345826922	2	111
2013-08-08	2013092	07 11 15 21 26 31 06	311052518	8	103
返回码=200
抓取：http://kaijiang.zhcw.com/zhcw/html/ssq/list_2.html
2013-08-06	2013091	04 14 24 25 28 31 10	308670790	22	61
2013-08-04	2013090	02 05 11 23 24 29 08	372773264	46	154
2013-08-01	2013089	04 08 12 19 21 25 13	337088774	14	210
2013-07-30	2013088	09 15 20 21 22 24 14	332225112	3	119
2013-07-28	2013087	02 13 19 23 24 28 05	364306204	6	121
2013-07-25	2013086	02 04 11 13 16 26 11	326453274	3	80
2013-07-23	2013085	02 08 12 14 16 32 16	330145456	7	135
2013-07-21	2013084	05 07 09 11 20 21 03	373588034	10	136
2013-07-18	2013083	05 06 12 14 19 23 09	338036388	18	225
2013-07-16	2013082	04 13 14 20 22 30 06	326611872	5	178
2013-07-14	2013081	01 04 10 13 21 31 13	359745012	4	122
2013-07-11	2013080	10 11 12 23 28 32 16	327918824	5	103
2013-07-09	2013079	07 13 17 19 22 26 13	320512624	12	102
2013-07-07	2013078	03 05 17 18 26 27 15	355637236	8	223
2013-07-04	2013077	09 14 23 24 26 29 03	333114166	31	186
2013-07-02	2013076	14 23 24 26 29 30 03	326689120	1	43
2013-06-30	2013075	04 06 09 25 30 33 14	358276246	0	47
2013-06-27	2013074	03 06 08 14 19 32 03	320654782	3	101
2013-06-25	2013073	02 09 13 17 20 28 11	324559238	19	185
2013-06-23	2013072	02 08 11 14 19 33 09	351392580	2	144
返回码=200
抓取：http://kaijiang.zhcw.com/zhcw/html/ssq/list_3.html
2013-06-20	2013071	05 12 21 23 26 28 09	311914552	11	173
2013-06-18	2013070	02 03 09 10 28 30 06	296577242	13	152
2013-06-16	2013069	07 16 17 18 30 33 06	369339396	105	190
2013-06-13	2013068	02 07 13 20 25 27 06	329872238	10	203
2013-06-11	2013067	01 04 09 15 22 30 06	309743864	16	163
2013-06-09	2013066	01 03 16 17 20 32 07	368087166	8	96
2013-06-06	2013065	07 18 19 23 29 30 02	334460176	5	165
2013-06-04	2013064	01 09 13 22 25 32 12	328102052	5	72
2013-06-02	2013063	10 15 18 20 23 31 12	354390256	3	84
2013-05-30	2013062	01 06 07 19 22 27 02	313979568	2	102
2013-05-28	2013061	05 06 07 12 13 18 12	335064726	43	830
2013-05-26	2013060	05 07 10 13 19 20 15	368726696	8	206
2013-05-23	2013059	03 10 18 24 27 29 09	339381758	11	134
2013-05-21	2013058	08 11 17 21 23 24 05	338075776	13	243
2013-05-19	2013057	13 16 19 23 26 28 05	367207180	6	146
2013-05-16	2013056	03 12 25 26 28 29 16	330573576	5	88
2013-05-14	2013055	08 18 19 22 27 32 06	328924474	6	97
2013-05-12	2013054	03 04 08 14 21 28 14	367209526	14	202
2013-05-09	2013053	03 12 13 22 30 33 14	327360018	5	132
2013-05-07	2013052	06 07 14 21 22 24 13	320719928	8	104
返回码=200
抓取：http://kaijiang.zhcw.com/zhcw/html/ssq/list_4.html
2013-05-05	2013051	08 12 15 19 28 29 02	377856082	33	450
2013-05-02	2013050	03 07 13 18 22 25 03	331969178	9	228
2013-04-30	2013049	10 13 14 16 21 32 14	295889902	2	41
2013-04-28	2013048	10 13 17 28 30 32 04	379712106	37	119
2013-04-25	2013047	01 08 11 17 27 30 12	347274348	6	116
2013-04-23	2013046	03 16 19 20 24 26 06	352094234	7	95
2013-04-21	2013045	06 07 08 14 23 31 12	389847482	7	138
2013-04-18	2013044	03 05 11 18 26 28 06	355471956	12	337
2013-04-16	2013043	03 06 14 15 17 25 16	358568922	16	247
2013-04-14	2013042	01 08 12 13 15 33 03	396763590	7	131
2013-04-11	2013041	02 10 12 17 23 24 05	358260706	3	295
2013-04-09	2013040	02 04 10 12 17 30 10	352650578	11	125
2013-04-07	2013039	01 02 14 15 24 29 06	390740078	7	94
2013-04-04	2013038	09 10 12 14 15 19 11	328400842	5	95
2013-04-02	2013037	02 15 18 27 28 32 14	350336028	6	157
2013-03-31	2013036	04 05 09 27 29 31 13	393497514	9	182
2013-03-28	2013035	01 14 15 17 26 30 02	351498872	3	78
2013-03-26	2013034	06 15 20 22 26 33 09	339315898	8	83
2013-03-24	2013033	05 06 13 17 19 28 01	397248028	44	567
2013-03-21	2013032	04 21 25 29 30 33 03	365616360	2	68
返回码=200
抓取：http://kaijiang.zhcw.com/zhcw/html/ssq/list_5.html
2013-03-19	2013031	03 13 14 15 21 33 03	365951410	10	125
2013-03-17	2013030	07 14 18 25 26 29 06	405193314	7	140
2013-03-14	2013029	06 07 10 19 23 29 12	367189222	12	473
2013-03-12	2013028	07 08 14 25 26 28 13	363477764	6	149
2013-03-10	2013027	01 02 04 12 21 24 12	401897672	11	126
2013-03-07	2013026	04 11 14 15 22 31 11	357237076	4	95
2013-03-05	2013025	16 17 18 24 25 30 08	365053994	27	126
2013-03-03	2013024	04 05 13 23 27 30 09	397860528	17	191
2013-02-28	2013023	03 06 15 18 30 32 05	359844386	4	145
2013-02-26	2013022	02 04 07 09 15 20 07	349104140	6	79
2013-02-24	2013021	01 06 17 19 26 31 11	386291388	7	104
2013-02-21	2013020	01 07 08 12 16 21 01	337611102	5	145
2013-02-19	2013019	01 02 05 16 20 26 06	316958200	5	93
2013-02-17	2013018	02 08 13 28 29 30 05	364752666	10	273
2013-02-07	2013017	04 06 12 30 31 32 09	339247106	3	93
2013-02-05	2013016	02 05 06 12 14 28 05	327207104	12	99
2013-02-03	2013015	05 06 07 11 13 18 15	377989410	3	158
2013-01-31	2013014	02 04 05 17 19 20 08	348187310	20	235
2013-01-29	2013013	05 06 13 19 22 28 09	351745408	19	259
2013-01-27	2013012	06 14 17 22 28 29 02	389114476	3	144
返回码=200
抓取：http://kaijiang.zhcw.com/zhcw/html/ssq/list_6.html
2013-01-24	2013011	03 12 17 24 27 29 09	350274074	11	113
2013-01-22	2013010	01 09 11 17 32 33 12	347709230	5	74
2013-01-20	2013009	01 04 09 13 16 23 02	383674016	4	100
2013-01-17	2013008	03 08 17 21 25 32 15	341795384	6	311
2013-01-15	2013007	02 09 15 22 26 32 01	341246158	2	148
2013-01-13	2013006	09 10 13 17 22 30 13	374366198	8	178
2013-01-10	2013005	01 13 14 25 31 32 12	339352226	11	117
2013-01-08	2013004	06 10 16 20 27 32 08	337097616	17	152
2013-01-06	2013003	22 23 26 27 28 33 09	367773688	4	90
2013-01-03	2013002	01 16 18 22 28 30 12	303822912	4	63
2013-01-01	2013001	06 08 14 15 24 25 06	309153922	20	271
2012-12-30	2012154	05 07 12 16 28 32 04	349475260	5	137
2012-12-27	2012153	04 05 11 21 27 28 10	315610858	14	167
2012-12-25	2012152	10 12 18 22 28 29 07	327454924	36	220
2012-12-23	2012151	05 14 24 25 26 32 01	362492002	8	109
2012-12-20	2012150	09 11 17 23 24 26 07	325835512	4	92
2012-12-18	2012149	01 05 13 25 26 32 13	314338172	2	116
2012-12-16	2012148	03 06 11 17 21 31 07	373006912	64	1293
2012-12-13	2012147	02 12 15 23 24 32 09	330613366	8	170
2012-12-11	2012146	01 05 07 13 29 32 13	320313400	5	107
返回码=200
抓取：http://kaijiang.zhcw.com/zhcw/html/ssq/list_7.html
2012-12-09	2012145	05 20 26 27 28 33 03	349657358	5	112
2012-12-06	2012144	03 10 12 13 27 30 04	326127870	25	125
2012-12-04	2012143	07 08 18 25 30 32 06	322260704	12	130
2012-12-02	2012142	05 18 22 28 29 31 06	355971618	13	80
2012-11-29	2012141	03 05 08 19 20 27 09	331745670	27	211
2012-11-27	2012140	14 18 27 30 31 33 15	328890054	9	188
2012-11-25	2012139	08 19 21 24 28 31 15	359675456	6	62
2012-11-22	2012138	01 07 16 17 19 21 14	322213636	4	109
2012-11-20	2012137	01 02 04 06 13 17 07	323374784	6	34
2012-11-18	2012136	02 07 08 17 21 28 11	370704246	37	155
2012-11-15	2012135	02 05 07 08 11 17 16	334488518	5	96
2012-11-13	2012134	02 05 06 07 13 23 15	331006688	1	84
2012-11-11	2012133	01 08 11 20 21 29 02	364736358	9	210
2012-11-08	2012132	07 12 16 17 21 25 10	332827106	11	92
2012-11-06	2012131	06 18 19 26 28 32 12	334407788	21	207
2012-11-04	2012130	01 03 15 20 22 31 03	355629806	3	59
2012-11-01	2012129	01 07 09 17 21 29 01	331737426	2	92
2012-10-30	2012128	05 09 12 29 30 31 05	322643800	9	135
2012-10-28	2012127	01 09 11 21 26 32 08	373363120	9	95
2012-10-25	2012126	03 05 12 15 23 24 07	336798500	15	169
返回码=200
抓取：http://kaijiang.zhcw.com/zhcw/html/ssq/list_8.html
2012-10-23	2012125	08 12 13 26 29 33 01	337488334	20	244
2012-10-21	2012124	06 07 21 25 27 33 11	369201172	5	158
2012-10-18	2012123	08 10 16 25 28 33 09	334799840	11	78
2012-10-16	2012122	12 13 19 22 28 29 11	325004070	6	100
2012-10-14	2012121	01 07 08 20 23 24 11	355530542	6	124
2012-10-11	2012120	01 04 20 24 28 29 16	311866338	2	77
2012-10-09	2012119	12 20 25 26 27 28 13	321919326	50	85
2012-10-07	2012118	05 06 07 12 15 28 11	352094796	12	166
2012-10-04	2012117	13 15 18 20 24 28 09	285909300	8	108
2012-10-02	2012116	03 21 26 29 31 32 03	270974690	3	44
2012-09-30	2012115	03 08 20 24 26 32 14	330478202	7	86
2012-09-27	2012114	01 06 11 26 27 29 15	323638620	3	115
2012-09-25	2012113	03 06 09 13 18 32 06	321721194	13	162
2012-09-23	2012112	08 15 20 21 27 31 06	365453898	34	203
2012-09-20	2012111	02 09 10 20 22 31 13	334284550	3	127
2012-09-18	2012110	03 07 10 13 22 32 09	327652012	16	218
2012-09-16	2012109	02 12 24 26 29 31 03	366377520	6	93
2012-09-13	2012108	01 09 12 13 19 28 13	329301702	8	139
2012-09-11	2012107	11 12 15 24 25 31 09	325537564	13	127
2012-09-09	2012106	13 14 20 22 23 32 16	368837242	7	72
返回码=200
抓取：http://kaijiang.zhcw.com/zhcw/html/ssq/list_9.html
2012-09-06	2012105	06 13 14 15 17 30 04	332112822	8	110
2012-09-04	2012104	04 05 09 10 19 28 03	326123048	20	176
2012-09-02	2012103	04 09 11 14 32 33 02	364812438	6	80
2012-08-30	2012102	13 25 27 28 29 30 15	330626818	4	122
2012-08-28	2012101	09 12 17 18 20 33 02	332762926	4	61
2012-08-26	2012100	05 07 15 18 25 33 10	365221470	7	150
2012-08-23	2012099	08 12 15 16 21 27 16	334215270	8	137
2012-08-21	2012098	02 12 19 26 29 31 09	328680072	12	107
2012-08-19	2012097	05 08 13 14 19 22 06	362228722	14	240
2012-08-16	2012096	04 07 11 16 29 33 07	324279054	11	124
2012-08-14	2012095	17 24 27 28 29 30 02	324870412	3	92
2012-08-12	2012094	06 09 14 16 23 33 15	360208214	3	120
2012-08-09	2012093	03 05 19 21 24 33 13	324000944	5	68
2012-08-07	2012092	06 13 17 18 28 32 03	323643554	10	218
2012-08-05	2012091	01 05 07 08 19 21 16	363226218	7	198
2012-08-02	2012090	02 13 20 25 29 30 11	329354360	8	67
2012-07-31	2012089	03 07 10 13 14 25 11	323395064	11	111
2012-07-29	2012088	03 05 23 24 27 31 15	363501734	6	122
2012-07-26	2012087	03 10 11 13 14 22 09	333397892	5	125
2012-07-24	2012086	08 09 13 15 22 23 08	329772984	14	209
返回码=200
抓取：http://kaijiang.zhcw.com/zhcw/html/ssq/list_10.html
2012-07-22	2012085	05 17 24 30 31 33 05	365440332	9	108
2012-07-19	2012084	02 10 20 26 28 29 14	340543862	6	100
2012-07-17	2012083	04 09 14 15 26 33 04	337785246	7	180
2012-07-15	2012082	02 04 11 18 22 29 06	376633434	9	269
2012-07-12	2012081	02 05 10 24 25 29 06	335807634	22	232
2012-07-10	2012080	04 09 14 15 16 27 03	333462942	17	181
2012-07-08	2012079	06 07 12 24 30 33 12	373462380	4	127
2012-07-05	2012078	08 15 22 24 28 33 12	339534852	6	90
2012-07-03	2012077	02 04 13 18 26 28 12	337698126	5	79
2012-07-01	2012076	11 18 22 27 29 30 15	379484266	3	81
2012-06-28	2012075	04 06 22 23 29 32 11	351962062	23	77
2012-06-26	2012074	15 16 18 19 28 32 08	354427342	5	70
2012-06-24	2012073	04 07 09 10 17 27 05	383664428	8	169
2012-06-21	2012072	02 03 07 09 13 30 06	349310588	2	96
2012-06-19	2012071	03 04 19 21 22 23 08	359591294	8	104
2012-06-17	2012070	02 03 04 24 31 32 11	403726842	10	121
2012-06-14	2012069	08 10 11 18 20 29 06	363763394	19	250
2012-06-12	2012068	05 17 22 26 32 33 10	379754544	117	120
2012-06-10	2012067	04 05 10 21 26 30 16	415404644	10	181
2012-06-07	2012066	01 02 09 26 29 33 12	389067662	7	158
返回码=200
抓取：http://kaijiang.zhcw.com/zhcw/html/ssq/list_11.html
2012-06-05	2012065	08 10 18 19 27 31 14	396002414	16	152
2012-06-03	2012064	05 10 11 16 23 24 11	444563890	12	135
2012-05-31	2012063	02 10 17 19 24 27 12	420166696	11	95
2012-05-29	2012062	02 13 16 17 20 31 07	422402826	4	102
2012-05-27	2012061	03 08 11 12 14 18 14	451440342	5	136
2012-05-24	2012060	07 10 13 16 17 29 01	394479944	1	155
2012-05-22	2012059	04 13 21 22 26 31 01	389786618	6	205
2012-05-20	2012058	03 06 15 20 25 26 04	416752864	4	204
2012-05-17	2012057	03 05 19 21 27 31 04	367753954	3	143
2012-05-15	2012056	04 07 14 17 26 31 10	363402618	11	193
2012-05-13	2012055	04 06 13 20 24 28 01	396120110	4	110
2012-05-10	2012054	06 14 18 20 30 33 14	356190234	5	64
2012-05-08	2012053	04 15 22 25 27 33 04	342378036	1	140
2012-05-06	2012052	02 03 05 06 20 24 04	383696656	5	104
2012-05-03	2012051	02 12 14 17 30 31 09	340256786	5	116
2012-05-01	2012050	07 13 15 17 19 24 11	319513602	6	98
2012-04-29	2012049	04 12 13 19 20 32 02	370994838	6	95
2012-04-26	2012048	01 05 14 22 24 30 10	352087342	7	86
2012-04-24	2012047	06 07 11 16 32 33 11	346381150	6	85
2012-04-22	2012046	04 12 19 20 23 33 06	391900112	10	209
返回码=200
抓取：http://kaijiang.zhcw.com/zhcw/html/ssq/list_12.html
2012-04-19	2012045	08 11 20 21 27 30 09	356502588	7	165
2012-04-17	2012044	06 09 10 14 22 25 03	356462184	7	123
2012-04-15	2012043	02 09 11 21 26 33 03	394668460	14	152
2012-04-12	2012042	05 06 11 19 24 28 16	353943408	8	225
2012-04-10	2012041	08 11 15 20 24 32 02	356306648	6	77
2012-04-08	2012040	03 08 09 22 25 31 10	391299304	18	211
2012-04-05	2012039	01 02 05 13 22 29 08	343264490	5	68
2012-04-03	2012038	09 10 11 15 19 33 16	323004056	4	102
2012-04-01	2012037	05 14 19 24 28 33 09	393044730	4	165
2012-03-29	2012036	02 11 13 18 19 26 09	360667728	12	110
2012-03-27	2012035	09 11 12 21 24 26 05	358931126	16	132
2012-03-25	2012034	02 03 08 23 32 33 16	399671360	5	140
2012-03-22	2012033	02 03 15 16 17 27 04	367684820	15	388
2012-03-20	2012032	01 02 10 17 22 24 04	364723646	2	50
2012-03-18	2012031	04 16 22 24 27 31 03	405489418	4	108
2012-03-15	2012030	09 10 17 18 21 31 08	360021696	9	133
2012-03-13	2012029	04 07 15 25 26 28 03	363574384	4	135
2012-03-11	2012028	10 15 20 21 28 30 11	408320996	6	142
2012-03-08	2012027	04 16 22 25 30 31 12	367033234	1	72
2012-03-06	2012026	03 07 09 15 24 25 16	364748574	2	107
返回码=200
抓取：http://kaijiang.zhcw.com/zhcw/html/ssq/list_13.html
2012-03-04	2012025	03 08 09 17 25 27 06	403316356	12	226
2012-03-01	2012024	04 12 19 21 25 28 13	364173592	24	289
2012-02-28	2012023	05 09 15 23 24 33 02	365582932	9	216
2012-02-26	2012022	04 08 12 24 26 27 04	397040802	7	180
2012-02-23	2012021	01 15 16 18 22 30 03	367729098	3	45
2012-02-21	2012020	03 08 12 18 23 29 11	363324150	19	354
2012-02-19	2012019	07 14 18 20 22 30 16	400412500	7	130
2012-02-16	2012018	03 05 06 22 26 32 15	361743346	4	78
2012-02-14	2012017	06 09 14 19 25 28 10	360962760	26	237
2012-02-12	2012016	02 05 12 17 22 25 08	391806944	16	278
2012-02-09	2012015	01 03 06 10 21 23 15	344966404	3	77
2012-02-07	2012014	01 02 05 16 28 30 12	332394836	59	112
2012-02-05	2012013	06 08 24 29 30 32 13	382213084	10	164
2012-02-02	2012012	15 17 18 20 23 27 01	330682334	2	75
2012-01-31	2012011	04 14 15 16 20 26 05	322471622	15	212
2012-01-29	2012010	01 03 13 19 25 26 10	350707306	4	112
2012-01-19	2012009	04 16 24 26 27 33 11	371864904	7	76
2012-01-17	2012008	01 12 20 23 24 29 08	349794196	5	108
2012-01-15	2012007	10 17 19 27 28 32 04	386798560	5	88
2012-01-12	2012006	02 22 25 29 32 33 08	365269490	17	127
返回码=200
抓取：http://kaijiang.zhcw.com/zhcw/html/ssq/list_14.html
2012-01-10	2012005	07 09 18 27 31 33 06	373157878	7	102
2012-01-08	2012004	01 05 10 11 21 23 16	422246096	4	153
2012-01-05	2012003	03 06 08 24 29 31 09	376556854	26	165
2012-01-03	2012002	02 03 07 09 10 32 13	369663804	17	101
2012-01-01	2012001	01 04 05 09 15 17 06	433902388	6	110
2011-12-29	2011153	05 08 09 10 20 25 13	403874136	16	282
2011-12-27	2011152	04 10 11 12 21 26 13	394544922	7	285
2011-12-25	2011151	07 11 16 19 31 33 10	428101842	6	190
2011-12-22	2011150	08 10 12 15 22 27 13	385439474	8	215
2011-12-20	2011149	04 05 06 07 23 31 16	365612730	1	225
2011-12-18	2011148	05 14 22 23 25 26 14	403588782	6	105
2011-12-15	2011147	04 08 12 17 18 30 10	369715120	16	275
2011-12-13	2011146	11 23 26 28 32 33 10	367466864	5	163
2011-12-11	2011145	02 04 14 15 26 30 04	399835362	11	249
2011-12-08	2011144	01 02 09 10 16 24 03	365097322	7	78
2011-12-06	2011143	07 08 12 14 15 30 16	359074808	4	90
2011-12-04	2011142	12 15 16 26 29 31 02	395266644	3	83
2011-12-01	2011141	02 04 06 19 24 29 11	353185652	9	192
2011-11-29	2011140	04 18 20 22 27 29 06	349582200	5	53
2011-11-27	2011139	08 20 24 27 30 31 03	387797344	6	72
返回码=200
抓取：http://kaijiang.zhcw.com/zhcw/html/ssq/list_15.html
2011-11-24	2011138	01 05 15 24 28 32 07	348154674	7	252
2011-11-22	2011137	02 11 18 23 30 33 13	340607254	5	128
2011-11-20	2011136	02 04 06 20 22 31 07	375968636	4	86
2011-11-17	2011135	12 13 17 20 25 26 12	335103670	3	62
2011-11-15	2011134	01 02 06 07 30 31 10	337761116	12	84
2011-11-13	2011133	12 14 20 21 25 31 16	376474284	7	75
2011-11-10	2011132	02 05 12 13 25 33 07	340242582	10	138
2011-11-08	2011131	02 07 09 17 21 25 01	329212830	5	131
2011-11-06	2011130	07 14 18 23 25 32 15	368707538	3	86
2011-11-03	2011129	07 10 11 21 23 26 06	336342794	8	120
2011-11-01	2011128	09 11 14 17 19 23 12	330310278	7	109
2011-10-30	2011127	16 19 22 23 27 29 11	366718126	8	93
2011-10-27	2011126	03 07 13 18 23 26 16	329809254	2	198
2011-10-25	2011125	03 10 15 24 27 32 08	322501850	10	117
2011-10-23	2011124	09 18 19 26 31 32 16	356985192	7	123
2011-10-20	2011123	01 04 05 14 19 28 16	329433846	3	155
2011-10-18	2011122	10 12 18 26 27 31 03	307852112	7	142
2011-10-16	2011121	04 14 22 25 32 33 02	342602202	2	39
2011-10-13	2011120	04 14 17 28 30 33 07	307300204	11	107
2011-10-11	2011119	09 12 14 19 28 32 01	310270074	3	81
返回码=200
抓取：http://kaijiang.zhcw.com/zhcw/html/ssq/list_16.html
2011-10-09	2011118	05 06 11 14 20 21 10	346558714	6	163
2011-10-06	2011117	08 10 19 26 28 30 04	284670324	3	180
2011-10-04	2011116	01 07 11 12 17 27 05	270660014	20	135
2011-10-02	2011115	07 08 09 12 17 33 16	306169962	2	123
2011-09-29	2011114	01 14 15 16 30 32 09	297745236	6	75
2011-09-27	2011113	06 10 11 25 32 33 05	301463604	4	84
2011-09-25	2011112	03 05 16 18 23 24 15	335373070	4	194
2011-09-22	2011111	01 03 05 20 25 27 04	301379048	5	76
2011-09-20	2011110	12 14 21 26 28 33 12	291747572	1	46
2011-09-18	2011109	01 03 09 15 16 33 15	319837948	5	92
2011-09-15	2011108	02 17 22 26 29 33 10	282794584	4	72
2011-09-13	2011107	04 09 16 17 22 29 15	287460888	36	428
2011-09-11	2011106	02 11 12 14 24 32 14	313930786	5	118
2011-09-08	2011105	04 06 23 25 27 28 01	292666602	6	163
2011-09-06	2011104	09 10 16 20 25 29 09	300386562	24	193
2011-09-04	2011103	04 05 10 13 15 16 12	334043508	8	77
2011-09-01	2011102	01 05 13 21 27 31 11	303886824	12	116
2011-08-30	2011101	06 10 19 23 29 31 06	295906364	5	100
2011-08-28	2011100	07 11 21 23 31 32 05	323046340	5	138
2011-08-25	2011099	10 12 13 21 26 27 14	287051218	3	61
返回码=200
抓取：http://kaijiang.zhcw.com/zhcw/html/ssq/list_17.html
2011-08-23	2011098	03 07 20 21 22 32 05	283485974	2	51
2011-08-21	2011097	09 17 19 20 21 26 16	323418670	19	108
2011-08-18	2011096	01 04 07 13 14 19 15	288032952	4	106
2011-08-16	2011095	03 07 08 10 23 24 05	293229282	19	126
2011-08-14	2011094	09 11 12 17 18 19 05	329858052	14	124
2011-08-11	2011093	04 07 11 13 23 30 09	300330150	16	112
2011-08-09	2011092	05 10 17 26 31 32 04	296160020	4	107
2011-08-07	2011091	09 15 21 23 28 30 03	330377834	4	81
2011-08-04	2011090	02 05 14 18 21 25 16	302158754	2	76
2011-08-02	2011089	01 02 11 24 29 30 12	299010020	11	96
2011-07-31	2011088	03 09 17 20 21 29 04	327675114	8	154
2011-07-28	2011087	02 03 04 05 18 28 01	296896504	10	119
2011-07-26	2011086	06 07 09 12 17 24 09	334074814	113	110
2011-07-24	2011085	03 06 11 21 24 31 10	371696466	10	221
2011-07-21	2011084	09 10 12 16 18 32 15	348473896	5	68
2011-07-19	2011083	07 16 18 24 28 29 06	346077740	7	95
2011-07-17	2011082	07 16 17 20 25 26 04	388800864	16	179
2011-07-14	2011081	06 14 19 23 25 32 12	347690264	4	128
2011-07-12	2011080	02 07 09 25 31 32 09	348447154	10	77
2011-07-10	2011079	03 14 15 16 24 29 05	391447400	5	81
返回码=200
抓取：http://kaijiang.zhcw.com/zhcw/html/ssq/list_18.html
2011-07-07	2011078	03 05 13 20 22 29 09	365761038	13	101
2011-07-05	2011077	01 07 08 15 26 29 10	366916974	10	131
2011-07-03	2011076	06 19 21 26 32 33 13	382839880	1	96
2011-06-30	2011075	07 09 10 12 31 32 13	343341640	2	64
2011-06-28	2011074	02 21 26 28 29 32 01	344333482	6	29
2011-06-26	2011073	03 04 05 12 17 21 14	362922526	7	127
2011-06-23	2011072	01 06 10 11 18 27 12	313897806	6	107
2011-06-21	2011071	01 02 15 22 28 30 02	310534104	3	57
2011-06-19	2011070	01 03 05 12 21 28 12	342264942	7	219
2011-06-16	2011069	02 13 16 18 24 30 12	308628372	5	105
2011-06-14	2011068	03 07 10 15 19 24 10	296012586	6	148
2011-06-12	2011067	17 19 20 24 25 27 12	321776484	3	69
2011-06-09	2011066	04 06 14 17 30 32 12	284641290	3	52
2011-06-07	2011065	04 16 23 25 27 29 03	276483886	1	59
2011-06-05	2011064	03 06 07 29 30 33 02	308305132	6	117
2011-06-02	2011063	04 06 13 15 18 19 05	286784814	7	60
2011-05-31	2011062	04 08 09 10 29 30 03	292576106	12	162
2011-05-29	2011061	02 03 08 13 19 21 03	329490066	20	116
2011-05-26	2011060	10 11 13 21 27 31 01	294946664	4	81
2011-05-24	2011059	24 26 27 29 31 33 16	297661236	6	92
返回码=200
抓取：http://kaijiang.zhcw.com/zhcw/html/ssq/list_19.html
2011-05-22	2011058	07 18 22 30 32 33 06	321880622	8	83
2011-05-19	2011057	04 06 20 21 26 33 02	293874448	2	57
2011-05-17	2011056	13 16 19 20 23 25 10	294519332	6	59
2011-05-15	2011055	08 13 16 17 29 32 16	323409932	4	95
2011-05-12	2011054	08 11 16 17 22 33 08	290127160	3	94
2011-05-10	2011053	03 06 10 12 22 30 15	282819042	3	216
2011-05-08	2011052	04 05 08 19 27 28 08	314222356	9	201
2011-05-05	2011051	01 07 11 14 15 16 14	289337386	5	65
2011-05-03	2011050	04 05 19 22 28 29 15	276013398	6	141
2011-05-01	2011049	01 11 17 18 27 31 14	298097446	2	188
2011-04-28	2011048	10 14 18 25 26 27 15	280257800	0	65
2011-04-26	2011047	04 13 23 25 27 33 14	278338352	3	78
2011-04-24	2011046	09 17 18 26 29 30 08	322849314	15	241
2011-04-21	2011045	02 16 17 20 26 32 08	296409720	13	69
2011-04-19	2011044	03 14 16 26 27 31 09	289688506	9	144
2011-04-17	2011043	04 13 14 17 25 31 04	358996258	75	259
2011-04-14	2011042	05 13 15 17 19 21 15	321302904	6	107
2011-04-12	2011041	04 10 12 13 30 32 13	308500156	3	93
2011-04-10	2011040	05 11 14 24 26 28 13	345011574	5	77
2011-04-07	2011039	03 07 10 16 24 29 13	311094814	6	188
返回码=200
抓取：http://kaijiang.zhcw.com/zhcw/html/ssq/list_20.html
2011-04-05	2011038	02 14 15 19 23 24 12	289140916	3	92
2011-04-03	2011037	01 03 04 06 17 25 11	330231608	10	106
2011-03-31	2011036	02 11 20 22 24 31 05	315826494	5	114
2011-03-29	2011035	13 14 18 20 27 31 02	311694488	3	96
2011-03-27	2011034	13 14 17 19 24 31 08	345909126	7	44
2011-03-24	2011033	02 08 12 13 19 29 04	307522678	8	212
2011-03-22	2011032	03 05 07 13 14 15 15	302968920	13	230
2011-03-20	2011031	16 17 24 28 29 32 12	336612714	1	52
2011-03-17	2011030	02 09 19 24 25 33 10	304099208	20	145
2011-03-15	2011029	01 04 09 10 20 31 07	298361906	7	98
2011-03-13	2011028	01 04 05 14 16 17 01	341754088	6	148
2011-03-10	2011027	13 18 21 22 25 26 01	304417422	5	105
2011-03-08	2011026	07 08 17 19 21 26 12	301792690	10	296
2011-03-06	2011025	08 25 26 31 32 33 09	335345846	4	80
2011-03-03	2011024	05 07 10 19 26 31 14	293532026	8	194
2011-03-01	2011023	02 03 06 21 22 25 05	280592202	3	71
2011-02-27	2011022	02 07 14 16 17 21 05	317202954	9	51
2011-02-24	2011021	01 02 14 18 25 31 08	287463484	9	226
2011-02-22	2011020	12 16 17 19 24 30 05	278341148	5	51
2011-02-20	2011019	02 04 12 19 32 33 16	309122016	3	51
返回码=200
抓取：http://kaijiang.zhcw.com/zhcw/html/ssq/list_21.html
2011-02-17	2011018	13 15 18 28 30 33 01	273159286	7	98
2011-02-15	2011017	02 06 15 23 26 33 08	258279824	2	141
2011-02-13	2011016	03 04 16 17 22 29 13	282026694	5	107
2011-02-10	2011015	03 06 13 26 27 29 07	254777566	9	110
2011-02-01	2011014	05 07 10 11 23 26 16	264496608	7	156
2011-01-30	2011013	01 03 13 16 21 22 08	288823754	8	41
2011-01-27	2011012	07 08 11 13 15 26 13	260393668	4	124
2011-01-25	2011011	01 12 18 19 21 24 10	255418250	10	73
2011-01-23	2011010	01 04 05 09 15 19 13	286472328	9	118
2011-01-20	2011009	17 18 23 24 25 26 04	264626108	3	90
2011-01-18	2011008	10 12 13 17 24 31 15	259069374	3	50
2011-01-16	2011007	01 09 17 24 26 31 05	292948810	6	96
2011-01-13	2011006	01 03 05 13 16 18 05	265273552	2	95
2011-01-11	2011005	06 09 12 14 20 22 13	258389670	1	109
2011-01-09	2011004	04 06 08 10 13 26 05	283728968	2	119
2011-01-06	2011003	13 14 21 22 23 27 04	272943652	14	50
2011-01-04	2011002	06 08 12 17 28 33 05	270533954	7	102
2011-01-02	2011001	03 09 20 24 26 32 10	290720992	9	76
2010-12-30	2010153	03 06 12 19 30 31 13	287732956	15	124
2010-12-28	2010152	04 09 17 21 25 31 01	283747722	11	244
返回码=200
抓取：http://kaijiang.zhcw.com/zhcw/html/ssq/list_22.html
2010-12-26	2010151	02 13 14 17 19 26 14	315507700	6	99
2010-12-23	2010150	02 17 18 23 29 30 06	287200078	12	104
2010-12-21	2010149	02 07 08 16 25 30 09	300479738	25	210
2010-12-19	2010148	01 03 07 18 23 27 12	338741658	36	1162
2010-12-16	2010147	02 08 15 18 24 30 03	295337382	15	342
2010-12-14	2010146	01 17 18 22 25 32 01	300076660	5	174
2010-12-12	2010145	03 21 24 27 28 31 08	326191770	2	71
2010-12-09	2010144	02 03 08 15 19 21 11	301323048	4	77
2010-12-07	2010143	09 16 18 26 30 31 14	298251128	3	54
2010-12-05	2010142	02 16 18 23 26 27 10	330364770	4	78
2010-12-02	2010141	02 03 07 18 23 27 06	297319014	6	177
2010-11-30	2010140	01 12 13 18 26 29 15	296121968	4	51
2010-11-28	2010139	11 13 18 20 26 31 09	319407618	4	121
2010-11-25	2010138	01 21 23 24 26 30 05	280036566	0	34
2010-11-23	2010137	07 09 10 13 19 33 06	275941138	2	89
2010-11-21	2010136	04 10 23 24 26 33 10	305525370	1	62
2010-11-18	2010135	04 10 13 25 26 30 10	279317018	23	221
2010-11-16	2010134	09 15 16 22 27 28 06	274898772	6	105
2010-11-14	2010133	03 09 17 21 26 32 01	302743538	9	320
2010-11-11	2010132	02 10 12 18 24 33 15	277931070	5	75
返回码=200
抓取：http://kaijiang.zhcw.com/zhcw/html/ssq/list_23.html
2010-11-09	2010131	05 06 15 16 19 26 06	275057550	12	185
2010-11-07	2010130	01 02 07 15 21 31 16	301606730	1	97
2010-11-04	2010129	04 08 14 25 28 32 16	263068470	0	100
2010-11-02	2010128	04 11 19 20 24 28 12	264631266	19	132
2010-10-31	2010127	01 04 08 17 25 33 01	308473622	58	385
2010-10-28	2010126	03 13 18 20 27 28 05	272220524	7	108
2010-10-26	2010125	06 07 13 23 28 29 09	266084300	5	146
2010-10-24	2010124	02 06 08 11 12 25 02	303307488	12	192
2010-10-21	2010123	06 12 15 18 29 32 10	278792718	13	109
2010-10-19	2010122	02 09 12 16 25 27 06	270548316	4	113
2010-10-17	2010121	08 11 13 18 25 30 15	288389490	2	116
2010-10-14	2010120	01 02 05 06 10 29 16	260841502	3	41
2010-10-12	2010119	07 17 25 27 30 31 09	260972766	19	165
2010-10-10	2010118	05 08 11 13 15 25 05	278863970	14	126
2010-10-07	2010117	01 08 20 22 24 28 01	232007386	9	92
2010-10-05	2010116	05 09 10 20 22 26 07	236885436	54	113
2010-10-03	2010115	01 22 24 25 29 33 15	254889502	0	55
2010-09-30	2010114	01 08 11 15 17 25 01	249642432	6	63
2010-09-28	2010113	05 10 15 18 20 28 10	245484314	3	256
2010-09-26	2010112	01 08 18 24 29 30 16	276435492	1	124
返回码=200
抓取：http://kaijiang.zhcw.com/zhcw/html/ssq/list_24.html
2010-09-23	2010111	04 07 08 13 17 18 10	223004690	0	58
2010-09-21	2010110	01 03 12 24 26 27 01	230609584	13	74
2010-09-19	2010109	04 15 18 25 29 32 15	270100048	10	80
2010-09-16	2010108	02 04 08 20 23 24 07	240681452	2	36
2010-09-14	2010107	08 12 15 17 22 33 16	237514142	1	39
2010-09-12	2010106	02 06 08 15 26 29 16	263785876	5	141
2010-09-09	2010105	01 08 09 19 21 31 11	244881210	24	199
2010-09-07	2010104	07 17 23 24 27 32 02	248944388	11	90
2010-09-05	2010103	06 09 14 17 20 33 09	278768450	7	81
2010-09-02	2010102	04 11 16 20 22 29 10	243505778	4	61
2010-08-31	2010101	04 09 18 21 25 26 06	245688390	5	93
2010-08-29	2010100	01 06 12 22 23 26 08	271091664	13	110
2010-08-26	2010099	03 04 17 24 27 30 06	240688192	2	220
2010-08-24	2010098	01 03 08 16 29 33 07	235404960	6	63
2010-08-22	2010097	10 16 18 21 24 26 01	263433286	1	61
2010-08-19	2010096	07 12 21 23 24 28 03	235984000	16	97
2010-08-17	2010095	09 11 16 17 25 27 14	226093634	4	65
2010-08-15	2010094	03 05 07 27 31 32 10	250015372	10	63
2010-08-12	2010093	09 10 19 28 32 33 06	214376608	11	115
2010-08-10	2010092	03 13 19 27 28 30 02	235395046	55	161
返回码=200
抓取：http://kaijiang.zhcw.com/zhcw/html/ssq/list_25.html
2010-08-08	2010091	06 13 16 20 22 24 16	266211592	10	77
2010-08-05	2010090	01 06 10 15 25 31 14	232731512	3	198
2010-08-03	2010089	07 08 09 16 23 26 01	239719796	8	110
2010-08-01	2010088	05 06 15 23 27 30 12	264168238	14	100
2010-07-29	2010087	01 08 16 17 25 30 10	235879868	9	107
2010-07-27	2010086	05 21 28 29 30 31 08	243138962	1	42
2010-07-25	2010085	01 08 12 13 24 27 08	275602494	25	518
2010-07-22	2010084	02 10 14 18 20 30 03	243838210	5	57
2010-07-20	2010083	02 20 21 22 23 31 12	239182242	3	41
2010-07-18	2010082	01 08 13 14 27 31 02	266766152	7	226
2010-07-15	2010081	02 03 09 24 26 27 05	242647146	3	68
2010-07-13	2010080	08 10 13 14 16 23 16	241525992	3	71
2010-07-11	2010079	08 11 12 14 18 22 02	269970928	4	112
2010-07-08	2010078	01 03 09 11 17 23 12	240635560	6	119
2010-07-06	2010077	02 08 14 20 21 24 09	233330914	3	48
2010-07-04	2010076	01 12 14 29 31 32 15	249655268	2	63
2010-07-01	2010075	05 09 12 13 15 22 14	229619238	5	107
2010-06-29	2010074	02 10 17 18 19 29 15	236056644	9	177
2010-06-27	2010073	01 16 20 23 27 31 02	263364832	3	29
2010-06-24	2010072	06 08 22 23 30 31 01	235231488	3	187
返回码=200
抓取：http://kaijiang.zhcw.com/zhcw/html/ssq/list_26.html
2010-06-22	2010071	05 13 14 17 20 26 01	232948886	3	96
2010-06-20	2010070	08 13 23 27 31 33 07	254342696	6	117
2010-06-17	2010069	12 14 20 22 24 32 11	225582108	2	90
2010-06-15	2010068	03 13 18 20 23 28 13	215863382	13	176
2010-06-13	2010067	01 07 10 14 21 25 01	258825118	2	109
2010-06-10	2010066	01 03 21 22 31 32 07	237425002	2	100
2010-06-08	2010065	02 07 08 17 30 32 12	234372332	4	59
2010-06-06	2010064	08 14 25 26 30 31 11	259371022	8	73
2010-06-03	2010063	02 06 10 17 23 24 03	236083458	6	110
2010-06-01	2010062	11 13 15 20 31 33 03	235535320	1	42
2010-05-30	2010061	02 04 16 19 22 26 12	261848018	4	55
2010-05-27	2010060	01 08 15 18 22 27 09	239669684	5	77
2010-05-25	2010059	01 09 11 12 18 30 10	232718404	3	51
2010-05-23	2010058	01 04 11 17 19 29 12	258079782	3	68
2010-05-20	2010057	05 11 12 19 25 32 05	241998022	18	286
2010-05-18	2010056	01 02 03 08 13 32 07	243521976	5	28
2010-05-16	2010055	02 03 13 19 20 23 08	265950816	10	92
2010-05-13	2010054	01 06 08 12 14 25 06	240532550	6	76
2010-05-11	2010053	03 22 24 27 28 30 14	233188676	3	48
2010-05-09	2010052	01 02 19 23 27 29 10	254114154	4	39
返回码=200
抓取：http://kaijiang.zhcw.com/zhcw/html/ssq/list_27.html
2010-05-06	2010051	04 17 23 27 28 32 03	229638378	9	42
2010-05-04	2010050	07 21 22 26 28 30 11	217484954	2	61
2010-05-02	2010049	01 06 10 26 27 28 02	238207928	2	54
2010-04-29	2010048	01 06 08 10 23 33 02	227901710	3	100
2010-04-27	2010047	03 10 13 20 21 32 15	230736816	4	83
2010-04-25	2010046	11 12 21 23 27 32 05	257876882	2	66
2010-04-22	2010045	02 03 04 13 20 29 01	235205392	11	130
2010-04-20	2010044	03 09 21 23 27 31 05	237978418	15	125
2010-04-18	2010043	04 10 19 22 28 33 04	265889144	4	139
2010-04-15	2010042	03 06 11 20 31 32 10	231323160	7	92
2010-04-13	2010041	03 05 13 19 25 29 12	232591320	6	170
2010-04-11	2010040	12 19 24 25 30 32 11	257165686	5	73
2010-04-08	2010039	08 17 21 23 25 32 12	226833664	1	49
2010-04-06	2010038	01 06 07 11 13 16 01	226161590	9	47
2010-04-04	2010037	03 16 19 21 24 26 06	247240280	1	35
2010-04-01	2010036	06 13 14 28 29 30 08	229557916	10	157
2010-03-30	2010035	09 10 11 18 19 21 10	228911294	10	78
2010-03-28	2010034	06 11 13 22 25 32 12	252670562	3	106
2010-03-25	2010033	08 10 11 12 25 29 09	224347302	14	85
2010-03-23	2010032	08 18 21 28 29 33 08	236489598	35	193
返回码=200
抓取：http://kaijiang.zhcw.com/zhcw/html/ssq/list_28.html
2010-03-21	2010031	05 07 13 24 25 28 04	267151062	12	202
2010-03-18	2010030	03 06 10 16 25 31 05	239533728	4	114
2010-03-16	2010029	01 05 14 16 17 22 03	236373590	8	57
2010-03-14	2010028	01 03 06 12 16 32 12	256691698	2	149
2010-03-11	2010027	03 04 15 25 26 30 13	234693930	7	141
2010-03-09	2010026	02 04 05 08 19 22 12	220382336	3	65
2010-03-07	2010025	04 05 07 10 13 25 11	248648212	7	107
2010-03-04	2010024	07 16 26 27 29 31 14	224928938	4	58
2010-03-02	2010023	02 09 11 22 24 27 11	220109148	7	67
2010-02-28	2010022	01 02 18 29 31 32 02	245991044	4	76
2010-02-25	2010021	02 09 16 17 19 25 04	217152080	5	81
2010-02-23	2010020	05 06 14 22 24 26 09	215066270	20	40
2010-02-21	2010019	02 10 22 24 26 27 06	234815252	2	68
2010-02-11	2010018	11 28 29 30 32 33 02	229188092	3	88
2010-02-09	2010017	01 03 06 11 12 23 11	221450104	9	52
2010-02-07	2010016	02 08 10 12 30 33 16	254137478	8	83
2010-02-04	2010015	01 04 16 21 23 28 06	228269280	0	77
2010-02-02	2010014	01 03 07 14 26 28 02	225210868	3	86
2010-01-31	2010013	01 02 03 16 18 23 12	263984534	25	171
2010-01-28	2010012	02 08 13 14 25 33 10	242397004	11	129
返回码=200
抓取：http://kaijiang.zhcw.com/zhcw/html/ssq/list_29.html
2010-01-26	2010011	07 08 14 22 24 30 07	241790928	2	53
2010-01-24	2010010	07 08 12 15 22 26 08	268314736	19	119
2010-01-21	2010009	01 09 13 21 24 32 06	243000026	10	109
2010-01-19	2010008	05 07 13 15 18 30 14	244041538	3	61
2010-01-17	2010007	14 22 27 28 30 33 14	273993220	3	111
2010-01-14	2010006	03 05 07 13 14 18 05	245619296	10	94
2010-01-12	2010005	03 05 06 08 17 18 14	239722776	7	105
2010-01-10	2010004	01 12 13 16 23 28 07	262213890	4	53
2010-01-07	2010003	14 22 26 27 28 31 04	236297494	3	66
2010-01-05	2010002	03 06 07 23 30 33 13	230644990	2	47
2010-01-03	2010001	07 17 18 27 29 32 13	260561792	7	95
2009-12-31	2009154	01 07 12 14 18 25 16	250550710	4	91
2009-12-29	2009153	06 07 08 20 21 25 10	238623826	9	277
2009-12-27	2009152	03 04 19 21 27 28 05	262814730	6	96
2009-12-24	2009151	06 08 10 16 25 30 14	242662946	5	212
2009-12-22	2009150	04 06 07 16 19 20 04	240949072	2	68
2009-12-20	2009149	01 03 16 18 22 29 04	260445758	5	64
2009-12-17	2009148	06 12 15 22 29 32 10	234965094	3	117
2009-12-15	2009147	06 08 10 18 22 32 16	229746022	3	126
2009-12-13	2009146	03 09 16 20 22 33 15	265187498	7	89
返回码=200
抓取：http://kaijiang.zhcw.com/zhcw/html/ssq/list_30.html
2009-12-10	2009145	03 05 11 15 26 33 11	238886876	12	133
2009-12-08	2009144	01 05 10 17 18 29 12	234614110	5	87
2009-12-06	2009143	05 09 11 17 23 28 10	266083890	22	214
2009-12-03	2009142	07 11 15 19 20 24 13	240043572	10	142
2009-12-01	2009141	02 13 21 28 29 31 09	237668962	15	77
2009-11-29	2009140	04 05 11 18 22 33 12	257453092	1	71
2009-11-26	2009139	01 05 15 17 27 29 02	235679662	2	77
2009-11-24	2009138	04 07 14 26 32 33 14	229193984	7	46
2009-11-22	2009137	08 12 14 15 17 21 01	250971196	2	42
2009-11-19	2009136	01 04 14 22 30 33 01	222662662	2	44
2009-11-17	2009135	01 03 14 19 30 33 16	218222340	9	129
2009-11-15	2009134	03 05 12 15 28 33 06	246133544	10	65
2009-11-12	2009133	05 09 13 18 20 32 01	219891024	5	200
2009-11-10	2009132	04 14 15 21 23 30 07	227359216	13	130
2009-11-08	2009131	16 23 25 26 32 33 05	265379234	2	44
2009-11-05	2009130	02 03 07 12 13 30 11	235462772	3	80
2009-11-03	2009129	06 07 16 17 24 25 07	231824092	20	169
2009-11-01	2009128	05 08 15 16 26 32 01	261066840	2	162
2009-10-29	2009127	02 11 12 14 15 16 04	243177980	14	98
2009-10-27	2009126	03 05 06 10 19 23 15	235506694	6	101
返回码=200
抓取：http://kaijiang.zhcw.com/zhcw/html/ssq/list_31.html
2009-10-25	2009125	06 07 08 22 26 27 12	262970658	8	93
2009-10-22	2009124	03 04 22 23 28 30 10	249561480	9	65
2009-10-20	2009123	09 13 20 22 25 28 14	237742194	3	83
2009-10-18	2009122	07 14 16 27 29 32 01	266208716	5	154
2009-10-15	2009121	02 04 06 10 25 30 09	239496416	8	72
2009-10-13	2009120	01 02 08 12 16 30 16	222194270	2	60
2009-10-11	2009119	06 07 10 12 15 21 05	232178172	1	55
2009-10-08	2009118	12 16 25 26 27 31 05	215790310	93	43
2009-10-06	2009117	05 09 15 21 26 31 13	202883414	8	147
2009-10-04	2009116	05 17 21 25 27 32 14	221054568	7	53
2009-10-01	2009115	02 09 13 15 19 24 03	198302256	1	61
2009-09-29	2009114	03 05 11 12 31 32 11	222577144	9	182
2009-09-27	2009113	04 12 20 25 28 29 16	250863766	8	126
2009-09-24	2009112	06 07 18 24 30 32 09	227610064	6	55
2009-09-22	2009111	02 04 07 14 15 25 15	224881094	3	48
2009-09-20	2009110	04 10 13 15 19 30 14	245158100	2	105
2009-09-17	2009109	05 06 07 14 25 28 01	220168836	0	78
2009-09-15	2009108	04 10 17 28 32 33 02	215736244	5	78
2009-09-13	2009107	07 08 20 23 28 29 05	239917960	4	70
2009-09-10	2009106	01 02 15 18 20 29 04	218443162	4	48
返回码=200
抓取：http://kaijiang.zhcw.com/zhcw/html/ssq/list_32.html
2009-09-08	2009105	02 08 10 16 27 30 15	208614594	2	103
2009-09-06	2009104	20 22 26 29 30 32 16	233718766	5	39
2009-09-03	2009103	06 11 17 20 23 24 09	215101390	10	53
2009-09-01	2009102	03 05 07 08 14 31 10	211207990	7	63
2009-08-30	2009101	01 02 05 10 19 24 14	235272092	0	112
2009-08-27	2009100	02 11 17 27 30 33 11	213445814	7	75
2009-08-25	2009099	08 09 18 20 25 29 09	215841514	18	243
2009-08-23	2009098	03 14 15 20 23 30 02	234823318	11	265
2009-08-20	2009097	07 13 24 26 28 32 14	209714238	4	50
2009-08-18	2009096	01 26 27 31 32 33 03	209639476	2	93
2009-08-16	2009095	08 09 14 28 31 33 15	226862140	0	39
2009-08-13	2009094	03 16 22 25 26 33 14	207069924	3	90
2009-08-11	2009093	01 11 20 31 32 33 01	209331254	21	198
2009-08-09	2009092	02 06 07 14 18 31 08	233413914	6	66
2009-08-06	2009091	03 08 11 14 25 29 04	211875120	4	168
2009-08-04	2009090	07 09 14 20 23 30 14	206728590	3	137
2009-08-02	2009089	02 03 07 11 19 32 04	230854186	2	58
2009-07-30	2009088	04 07 11 15 16 17 02	204688536	0	78
2009-07-28	2009087	06 11 13 20 28 32 06	201493798	2	40
2009-07-26	2009086	11 12 13 18 23 32 11	222559596	3	47
返回码=200
抓取：http://kaijiang.zhcw.com/zhcw/html/ssq/list_33.html
2009-07-23	2009085	04 08 12 17 20 30 03	201602548	8	93
2009-07-21	2009084	04 09 11 20 32 33 13	198945272	2	53
2009-07-19	2009083	02 08 12 18 24 28 04	219733470	11	361
2009-07-16	2009082	11 15 18 21 27 29 02	200877058	2	52
2009-07-14	2009081	04 05 06 25 29 30 03	198933210	1	56
2009-07-12	2009080	01 11 13 25 32 33 06	220533638	4	48
2009-07-09	2009079	02 09 16 21 30 31 13	200470322	1	122
2009-07-07	2009078	05 07 12 14 15 20 13	196218272	2	88
2009-07-05	2009077	01 09 14 16 28 32 16	216463266	4	75
2009-07-02	2009076	09 18 19 25 28 31 06	202715574	29	98
2009-06-30	2009075	01 13 15 17 20 30 05	198114500	1	53
2009-06-28	2009074	05 10 16 19 23 28 13	223339000	28	296
2009-06-25	2009073	09 16 17 18 22 27 14	208376662	16	103
2009-06-23	2009072	01 03 12 20 21 29 04	211601456	7	40
2009-06-21	2009071	04 05 23 26 31 32 06	231131078	5	40
2009-06-18	2009070	01 02 09 10 21 31 10	219945468	4	42
2009-06-16	2009069	03 05 12 18 21 23 02	218479274	7	157
2009-06-14	2009068	06 11 18 20 25 30 05	241709362	10	213
2009-06-11	2009067	04 10 16 23 28 30 05	219034212	12	168
2009-06-09	2009066	02 15 19 24 31 32 04	218893000	9	34
返回码=200
抓取：http://kaijiang.zhcw.com/zhcw/html/ssq/list_34.html
2009-06-07	2009065	08 12 20 22 30 33 02	242812406	5	63
2009-06-04	2009064	01 02 14 23 28 29 15	226247318	4	66
2009-06-02	2009063	02 05 11 26 30 32 16	210071776	0	47
2009-05-31	2009062	10 19 20 21 23 32 10	239346092	7	120
2009-05-28	2009061	10 11 13 16 19 30 03	202235730	1	32
2009-05-26	2009060	07 13 17 26 32 33 04	214031372	2	40
2009-05-24	2009059	03 07 13 23 27 30 11	236158050	2	184
2009-05-21	2009058	05 08 10 15 23 26 09	211477696	13	150
2009-05-19	2009057	05 07 10 14 17 25 11	209587496	6	180
2009-05-17	2009056	04 09 10 18 29 32 08	232354314	5	66
2009-05-14	2009055	03 04 18 22 24 29 11	213511884	3	69
2009-05-12	2009054	16 17 23 26 31 32 11	212918588	6	73
2009-05-10	2009053	07 12 18 19 22 28 04	231922796	4	239
2009-05-07	2009052	09 11 15 19 21 30 08	215699408	9	66
2009-05-05	2009051	06 10 13 16 21 23 07	211832930	5	69
2009-05-03	2009050	13 21 24 29 30 32 04	223078776	3	35
2009-04-30	2009049	09 12 14 20 30 31 06	204405802	3	45
2009-04-28	2009048	03 07 11 15 17 31 01	210372082	4	85
2009-04-26	2009047	06 08 11 15 21 22 16	236616310	5	99
2009-04-23	2009046	16 20 21 26 29 30 09	212241096	3	37
返回码=200
抓取：http://kaijiang.zhcw.com/zhcw/html/ssq/list_35.html
2009-04-21	2009045	03 04 06 23 30 32 01	210992934	0	39
2009-04-19	2009044	11 14 16 18 26 30 01	229851250	2	50
2009-04-16	2009043	04 09 10 15 18 26 07	211334106	5	110
2009-04-14	2009042	08 16 22 23 27 30 11	207877744	2	79
2009-04-12	2009041	01 08 23 26 28 33 08	229731450	9	45
2009-04-09	2009040	04 07 10 20 26 30 12	212931272	21	246
2009-04-07	2009039	05 12 14 15 21 27 03	207130808	3	81
2009-04-05	2009038	12 13 15 23 28 32 05	229578934	20	52
2009-04-02	2009037	02 06 15 18 20 31 03	213602348	1	59
2009-03-31	2009036	06 09 18 23 32 33 07	215060184	7	69
2009-03-29	2009035	06 15 21 26 29 31 05	236221934	6	87
2009-03-26	2009034	09 12 18 21 22 26 07	214772934	5	107
2009-03-24	2009033	07 08 13 14 29 30 06	212148538	6	125
2009-03-22	2009032	09 11 12 19 27 32 06	231465250	3	102
2009-03-19	2009031	01 02 03 15 30 33 01	220305014	6	66
2009-03-17	2009030	08 14 24 26 28 32 07	218775106	8	56
2009-03-15	2009029	12 13 15 22 23 29 13	243921424	3	65
2009-03-12	2009028	03 06 12 15 23 26 10	212975332	41	258
2009-03-10	2009027	02 07 11 16 27 32 06	210676594	19	153
2009-03-08	2009026	11 15 17 18 20 30 16	232338570	6	73
返回码=200
抓取：http://kaijiang.zhcw.com/zhcw/html/ssq/list_36.html
2009-03-05	2009025	10 20 22 23 26 33 11	208731366	3	23
2009-03-03	2009024	01 03 17 23 30 33 12	208357346	3	51
2009-03-01	2009023	01 06 07 15 24 30 08	229895788	3	67
2009-02-26	2009022	05 08 09 10 11 18 08	212225776	5	69
2009-02-24	2009021	01 04 05 17 24 27 09	207029170	3	52
2009-02-22	2009020	03 05 07 10 19 23 13	231854880	4	65
2009-02-19	2009019	06 17 19 20 26 27 04	193303346	0	76
2009-02-17	2009018	02 05 06 19 27 30 15	194471112	4	78
2009-02-15	2009017	06 14 15 19 25 26 08	214067758	5	70
2009-02-12	2009016	02 07 13 16 20 33 03	193953514	8	85
2009-02-10	2009015	02 04 06 15 17 32 05	185426162	1	37
2009-02-08	2009014	03 06 09 14 15 18 02	209566064	4	70
2009-02-05	2009013	04 08 09 21 26 27 09	182623460	4	118
2009-02-03	2009012	05 11 14 17 18 28 01	175832284	4	80
2009-02-01	2009011	02 04 13 14 18 23 15	189123128	2	55
2009-01-22	2009010	03 10 17 19 20 24 02	189703670	0	100
2009-01-20	2009009	08 15 21 30 31 33 02	181279024	2	35
2009-01-18	2009008	04 15 16 22 32 33 02	207103370	4	99
2009-01-15	2009007	01 05 12 23 25 26 15	185060730	7	42
2009-01-13	2009006	06 12 18 20 26 33 02	184731320	2	80
返回码=200
抓取：http://kaijiang.zhcw.com/zhcw/html/ssq/list_37.html
2009-01-11	2009005	01 03 08 15 17 21 13	213622966	8	76
2009-01-08	2009004	03 11 13 17 28 31 03	196964008	8	84
2009-01-06	2009003	02 03 06 15 25 30 02	191963484	1	45
2009-01-04	2009002	10 14 17 25 29 33 14	214099642	5	143
2009-01-01	2009001	04 21 23 24 30 31 04	188339912	1	36
2008-12-30	2008154	02 05 07 21 22 26 08	187460204	5	89
2008-12-28	2008153	01 04 18 21 24 30 16	203192356	2	40
2008-12-25	2008152	01 04 06 22 26 30 08	185010624	4	46
2008-12-23	2008151	06 08 10 14 17 19 06	178836934	6	45
2008-12-21	2008150	04 19 22 24 29 32 02	199701670	2	41
2008-12-18	2008149	10 14 22 28 29 33 02	192954686	6	43
2008-12-16	2008148	03 05 09 22 26 28 09	184713626	1	56
2008-12-14	2008147	07 08 14 22 26 33 02	201725324	2	38
2008-12-11	2008146	07 08 17 19 31 32 10	186410548	7	79
2008-12-09	2008145	07 13 18 22 26 29 02	178220662	7	102
2008-12-07	2008144	02 05 10 27 29 33 15	194035022	4	41
2008-12-04	2008143	12 17 18 19 26 27 06	175828406	5	85
2008-12-02	2008142	05 06 10 13 17 28 15	181220636	7	127
2008-11-30	2008141	03 13 20 25 29 33 15	198694026	1	40
2008-11-27	2008140	07 14 16 29 30 31 14	182798276	7	38
返回码=200
抓取：http://kaijiang.zhcw.com/zhcw/html/ssq/list_38.html
2008-11-25	2008139	08 09 19 23 25 26 07	180577258	3	47
2008-11-23	2008138	07 14 19 23 25 32 04	197283238	6	44
2008-11-20	2008137	01 04 24 28 29 33 09	178412318	4	21
2008-11-18	2008136	05 09 10 12 18 28 02	175281498	1	104
2008-11-16	2008135	05 14 15 16 19 21 15	199297252	2	51
2008-11-13	2008134	10 15 19 20 28 32 02	184911938	5	84
2008-11-11	2008133	08 11 16 19 24 26 11	180872408	11	79
2008-11-09	2008132	09 13 16 25 27 33 08	196454404	2	95
2008-11-06	2008131	02 12 15 18 22 32 08	174029788	7	59
2008-11-04	2008130	01 12 18 28 30 32 06	181993644	2	37
2008-11-02	2008129	01 03 18 24 25 32 15	197717092	1	100
2008-10-30	2008128	01 05 19 20 27 33 05	181169198	4	52
2008-10-28	2008127	05 08 19 22 27 30 13	181580160	3	163
2008-10-26	2008126	04 11 12 14 20 30 13	198648614	4	47
2008-10-23	2008125	10 11 12 15 26 29 09	180560840	4	41
2008-10-21	2008124	01 07 10 13 21 22 03	182202870	2	69
2008-10-19	2008123	10 11 15 16 25 29 02	200338784	2	83
2008-10-16	2008122	02 08 11 14 19 26 15	183419190	2	134
2008-10-14	2008121	02 22 23 27 31 32 06	159325560	2	19
2008-10-12	2008120	10 11 22 24 26 33 02	177325446	1	42
返回码=200
抓取：http://kaijiang.zhcw.com/zhcw/html/ssq/list_39.html
2008-10-09	2008119	05 07 09 15 24 29 07	159160812	3	45
2008-10-07	2008118	04 09 16 27 31 33 01	151771380	1	43
2008-10-05	2008117	03 05 07 10 14 33 07	159338244	2	54
2008-10-02	2008116	03 07 21 22 24 29 14	131959380	3	88
2008-09-30	2008115	02 12 13 14 17 18 06	135827902	2	35
2008-09-28	2008114	04 09 20 24 25 31 14	164160014	4	69
2008-09-25	2008113	06 09 10 12 17 22 09	154570240	10	58
2008-09-23	2008112	05 13 14 19 22 23 06	147917738	0	38
2008-09-21	2008111	17 18 21 25 31 32 06	165394226	2	23
2008-09-18	2008110	10 16 22 23 29 31 02	150162970	1	35
2008-09-16	2008109	04 07 09 16 21 28 10	149534090	14	142
2008-09-14	2008108	09 10 15 17 23 30 12	161811898	1	70
2008-09-11	2008107	06 13 18 22 27 32 04	145917756	4	94
2008-09-09	2008106	14 19 25 27 29 30 15	145583846	1	24
2008-09-07	2008105	05 17 19 27 28 32 02	166483810	6	41
2008-09-04	2008104	03 06 08 17 24 31 01	146186834	2	101
2008-09-02	2008103	01 12 16 18 22 33 04	145961956	3	29
2008-08-31	2008102	03 07 12 21 25 32 05	163061174	6	106
2008-08-28	2008101	09 17 21 26 28 30 04	146389400	9	32
2008-08-26	2008100	08 14 17 21 27 28 14	143116762	8	121
返回码=200
抓取：http://kaijiang.zhcw.com/zhcw/html/ssq/list_40.html
2008-08-24	2008099	10 15 16 22 23 24 07	161894814	7	68
2008-08-21	2008098	06 07 10 11 15 30 01	141788216	1	55
2008-08-19	2008097	03 06 08 09 16 17 13	139512854	5	30
2008-08-17	2008096	06 08 12 24 27 31 14	155836508	1	83
2008-08-14	2008095	03 08 14 21 28 29 03	141671626	11	108
2008-08-12	2008094	01 04 15 16 23 28 14	138848472	0	45
2008-08-10	2008093	04 10 12 16 26 28 07	155710670	10	84
2008-08-07	2008092	01 03 18 27 28 30 05	147648912	9	43
2008-08-05	2008091	03 12 14 23 31 32 10	144363788	3	38
2008-08-03	2008090	02 07 14 18 19 24 01	161612270	3	96
2008-07-31	2008089	03 06 11 16 22 27 11	152919280	16	192
2008-07-29	2008088	01 06 08 16 17 23 05	145378764	4	40
2008-07-27	2008087	01 07 26 29 30 31 06	165513430	5	59
2008-07-24	2008086	04 05 10 26 27 30 12	149218680	1	37
2008-07-22	2008085	01 04 12 20 24 29 15	147121156	2	29
2008-07-20	2008084	04 07 13 20 29 30 16	164902436	5	133
2008-07-17	2008083	07 08 09 18 29 32 09	148998496	1	59
2008-07-15	2008082	04 08 10 12 21 26 09	145747052	3	52
2008-07-13	2008081	02 12 13 18 25 31 04	164515530	13	182
2008-07-10	2008080	04 14 22 25 29 32 14	147833964	2	37
返回码=200
抓取：http://kaijiang.zhcw.com/zhcw/html/ssq/list_41.html
2008-07-08	2008079	03 04 05 10 20 32 09	146233386	3	56
2008-07-06	2008078	06 13 16 26 30 33 01	163038372	3	29
2008-07-03	2008077	04 12 22 26 30 33 09	150267928	3	27
2008-07-01	2008076	02 05 07 11 13 18 11	149452982	1	44
2008-06-29	2008075	01 08 14 18 22 30 03	165190272	1	32
2008-06-26	2008074	01 11 15 19 20 24 09	144760564	0	38
2008-06-24	2008073	01 09 13 22 28 33 08	145507408	2	39
2008-06-22	2008072	01 05 10 18 22 30 09	161487324	2	70
2008-06-19	2008071	01 06 21 26 27 28 09	149342332	6	52
2008-06-17	2008070	05 06 12 15 18 33 13	143853670	0	25
2008-06-15	2008069	05 08 17 20 26 30 10	160540160	10	76
2008-06-12	2008068	05 07 17 23 27 29 07	146064510	3	66
2008-06-10	2008067	10 11 15 19 26 33 13	139167536	3	35
2008-06-08	2008066	07 12 21 22 29 30 08	157257472	11	92
2008-06-05	2008065	05 13 15 19 30 31 05	148399068	4	69
2008-06-03	2008064	01 02 07 09 12 18 12	142377766	6	43
2008-06-01	2008063	05 09 11 14 16 17 15	155226836	2	48
2008-05-29	2008062	06 08 13 17 24 27 15	137719710	2	59
2008-05-27	2008061	01 02 05 12 26 31 06	133881926	1	14
2008-05-25	2008060	06 07 08 17 30 32 03	152605692	3	34
返回码=200
抓取：http://kaijiang.zhcw.com/zhcw/html/ssq/list_42.html
2008-05-22	2008059	02 06 15 29 31 32 16	138178008	0	29
2008-05-20	2008058	01 12 21 27 29 31 11	133093020	7	79
2008-05-18	2008057	19 20 21 26 28 30 08	157009320	5	32
2008-05-15	2008056	08 13 22 23 25 30 07	143711520	6	65
2008-05-13	2008055	11 16 19 23 26 31 04	140054516	3	44
2008-05-11	2008054	02 06 16 17 20 25 07	166384318	9	58
2008-05-08	2008053	06 12 19 20 21 27 04	150163792	8	175
2008-05-06	2008052	02 10 17 23 29 31 10	150880684	13	311
2008-05-04	2008051	01 04 08 10 13 33 11	168795820	5	32
2008-05-01	2008050	01 11 19 24 26 27 03	143428932	5	39
2008-04-29	2008049	03 10 12 13 19 25 04	156554264	3	63
2008-04-27	2008048	11 18 21 27 30 32 01	177125564	6	66
2008-04-24	2008047	09 12 13 14 20 22 10	159244658	3	30
2008-04-22	2008046	15 16 18 24 28 33 15	154575398	1	21
2008-04-20	2008045	01 10 13 21 29 32 04	166853172	2	81
2008-04-17	2008044	05 07 09 20 26 29 09	154045626	4	63
2008-04-15	2008043	03 10 16 22 27 33 14	152620756	2	38
2008-04-13	2008042	03 04 09 11 12 24 01	172844294	4	168
2008-04-10	2008041	08 11 20 22 23 27 04	153107854	1	29
2008-04-08	2008040	06 13 22 25 27 28 09	147866454	3	29
返回码=200
抓取：http://kaijiang.zhcw.com/zhcw/html/ssq/list_43.html
2008-04-06	2008039	01 07 10 13 22 29 01	167098814	3	80
2008-04-03	2008038	03 09 10 11 15 19 13	156472902	4	38
2008-04-01	2008037	01 12 22 24 28 31 06	155799266	4	34
2008-03-30	2008036	02 06 13 18 23 28 16	175839426	5	218
2008-03-27	2008035	07 11 14 17 18 29 16	157220200	1	48
2008-03-25	2008034	03 05 09 11 21 29 09	159514754	15	123
2008-03-23	2008033	12 17 18 30 31 33 04	180595348	1	37
2008-03-20	2008032	05 14 16 21 23 28 13	160439648	0	61
2008-03-18	2008031	03 06 11 15 21 31 13	158624334	3	79
2008-03-16	2008030	06 15 18 19 20 28 11	179312028	3	44
2008-03-13	2008029	01 09 14 22 29 32 12	161219452	2	44
2008-03-11	2008028	01 13 21 26 29 32 10	160518620	1	40
2008-03-09	2008027	15 18 19 23 24 26 13	174009958	0	37
2008-03-06	2008026	05 17 19 27 29 32 03	152462456	4	42
2008-03-04	2008025	08 16 17 18 19 21 14	153154654	2	48
2008-03-02	2008024	11 20 21 26 28 30 13	170256022	2	30
2008-02-28	2008023	08 16 18 25 26 32 02	153560364	4	82
2008-02-26	2008022	12 18 20 24 28 32 05	144863010	0	59
2008-02-24	2008021	09 12 19 20 26 28 15	160910474	3	95
2008-02-21	2008020	03 10 13 15 28 30 03	146348748	8	207
返回码=200
抓取：http://kaijiang.zhcw.com/zhcw/html/ssq/list_44.html
2008-02-19	2008019	02 09 11 17 27 31 05	141971234	5	103
2008-02-17	2008018	02 05 06 23 26 33 13	157186176	1	23
2008-02-14	2008017	02 05 07 17 20 22 02	132359640	2	50
2008-02-05	2008016	03 12 14 21 29 33 13	140568370	0	22
2008-02-03	2008015	06 08 11 16 29 33 03	150230862	0	46
2008-01-31	2008014	03 09 11 17 21 31 14	135835312	9	195
2008-01-29	2008013	02 08 15 16 22 28 10	134411428	15	144
2008-01-27	2008012	03 04 05 16 20 30 13	154610224	8	54
2008-01-24	2008011	02 14 17 21 30 32 03	142739106	1	21
2008-01-22	2008010	03 08 11 17 21 27 09	146738458	26	196
2008-01-20	2008009	09 21 29 30 31 32 16	165349862	2	39
2008-01-17	2008008	02 15 16 23 26 27 07	150661200	6	43
2008-01-15	2008007	01 13 17 22 23 30 11	145532348	3	26
2008-01-13	2008006	01 14 16 18 22 27 14	165907668	1	35
2008-01-10	2008005	03 05 15 22 24 25 15	154340740	2	93
2008-01-08	2008004	04 08 22 23 27 29 08	154299042	5	40
2008-01-06	2008003	06 08 11 13 17 19 12	175940428	18	76
2008-01-03	2008002	03 04 18 22 25 29 09	153610222	6	66
2008-01-01	2008001	02 04 07 09 14 29 03	143343976	1	53
2007-12-30	2007153	01 04 19 20 25 31 15	169633854	1	79
返回码=200
抓取：http://kaijiang.zhcw.com/zhcw/html/ssq/list_45.html
2007-12-27	2007152	11 17 21 29 30 33 08	156184910	1	33
2007-12-25	2007151	01 06 10 11 23 25 02	153939934	8	73
2007-12-23	2007150	03 05 11 13 19 24 05	166649572	2	78
2007-12-20	2007149	01 17 19 22 28 30 03	149288714	2	23
2007-12-18	2007148	03 09 16 17 23 28 07	158818618	59	169
2007-12-16	2007147	03 07 18 24 26 27 04	179005766	4	74
2007-12-13	2007146	04 18 22 24 26 30 09	158863498	2	41
2007-12-11	2007145	08 09 11 12 25 31 11	156683190	4	44
2007-12-09	2007144	08 14 23 25 28 32 16	178734532	2	59
2007-12-06	2007143	01 06 22 23 24 26 04	152332662	1	22
2007-12-04	2007142	11 20 25 26 27 30 08	148389454	0	35
2007-12-02	2007141	02 03 04 06 17 31 08	166050194	3	33
2007-11-29	2007140	01 05 16 21 22 26 11	143598644	4	54
2007-11-27	2007139	06 10 12 14 16 22 06	147362270	22	62
2007-11-25	2007138	02 03 15 17 19 25 16	167481164	0	85
2007-11-22	2007137	03 07 08 18 20 22 03	148358822	7	74
2007-11-20	2007136	01 02 18 21 25 29 14	148075802	4	26
2007-11-18	2007135	01 11 16 26 31 33 16	159526566	0	32
2007-11-15	2007134	01 04 10 13 18 25 15	141752438	1	47
2007-11-13	2007133	03 06 07 11 13 33 10	145163392	11	64
返回码=200
抓取：http://kaijiang.zhcw.com/zhcw/html/ssq/list_46.html
2007-11-11	2007132	01 09 16 21 22 23 05	155862750	0	33
2007-11-08	2007131	03 05 07 16 22 27 05	139489488	3	29
2007-11-06	2007130	03 05 09 11 27 31 04	134915286	5	98
2007-11-04	2007129	05 07 20 21 22 30 08	152215698	12	93
2007-11-01	2007128	09 10 19 21 27 31 05	130058308	1	45
2007-10-30	2007127	06 09 13 16 24 28 11	131706110	17	78
2007-10-28	2007126	09 10 19 23 26 31 09	170508318	15	124
2007-10-25	2007125	03 05 18 20 27 33 01	137439952	0	71
2007-10-23	2007124	03 07 13 16 19 32 16	131087996	0	41
2007-10-21	2007123	01 13 15 23 28 32 02	149864730	2	19
2007-10-18	2007122	04 07 19 24 26 32 09	130402942	7	80
2007-10-16	2007121	03 10 21 22 27 28 06	125337786	1	28
2007-10-14	2007120	06 07 11 12 18 25 01	136778106	0	38
2007-10-11	2007119	03 08 11 13 25 31 12	124850416	23	58
2007-10-09	2007118	04 10 16 18 25 32 15	124978730	5	48
2007-10-07	2007117	03 07 09 10 26 32 01	132359640	2	50
2007-10-04	2007116	03 05 07 11 17 27 13	113457608	7	85
2007-10-02	2007115	01 05 10 16 20 26 02	108125704	0	53
2007-09-30	2007114	05 12 15 24 27 33 05	143109004	12	167
2007-09-27	2007113	04 18 23 25 26 31 10	124724404	1	26
返回码=200
抓取：http://kaijiang.zhcw.com/zhcw/html/ssq/list_47.html
2007-09-25	2007112	07 11 14 16 25 32 11	128550874	1	38
2007-09-23	2007111	02 09 10 12 13 17 11	136651412	0	20
2007-09-20	2007110	02 04 07 15 24 28 03	119714108	4	41
2007-09-18	2007109	01 04 07 08 13 14 04	117653172	2	50
2007-09-16	2007108	03 07 12 13 20 33 02	136419830	3	77
2007-09-13	2007107	02 08 09 18 24 28 10	118762906	6	38
2007-09-11	2007106	12 18 21 24 25 29 08	113328304	1	20
2007-09-09	2007105	02 07 10 17 23 29 14	134273360	6	111
2007-09-06	2007104	02 08 12 14 20 32 04	108150420	3	30
2007-09-04	2007103	07 09 25 27 30 32 01	102844920	0	26
2007-09-02	2007102	04 06 08 18 20 33 11	119528600	2	27
2007-08-30	2007101	15 16 18 21 22 30 14	103261246	2	19
2007-08-28	2007100	08 18 27 29 30 32 06	100804514	5	43
2007-08-26	2007099	03 04 14 27 31 33 05	115727006	5	61
2007-08-23	2007098	02 03 05 11 19 20 12	103284906	3	45
2007-08-21	2007097	04 08 13 18 26 30 11	99828090	12	48
2007-08-19	2007096	09 10 20 22 30 32 08	116298698	2	31
2007-08-16	2007095	01 06 08 18 29 32 07	101322650	4	54
2007-08-14	2007094	03 05 18 19 24 32 02	100279716	3	41
2007-08-12	2007093	05 10 13 15 19 29 02	115267274	1	142
返回码=200
抓取：http://kaijiang.zhcw.com/zhcw/html/ssq/list_48.html
2007-08-09	2007092	14 18 22 23 24 33 09	100547190	1	33
2007-08-07	2007091	02 11 17 30 31 32 07	98640430	2	25
2007-08-05	2007090	05 11 13 27 30 31 02	114857394	1	49
2007-08-02	2007089	03 07 08 15 19 28 03	99074148	11	102
2007-07-31	2007088	02 04 10 28 29 33 06	97931132	1	22
2007-07-29	2007087	01 03 04 05 08 21 09	115648010	1	34
2007-07-26	2007086	05 08 14 22 27 29 16	102347618	3	67
2007-07-24	2007085	02 12 17 19 29 30 12	101375038	4	48
2007-07-22	2007084	06 10 12 14 20 27 10	117091964	4	29
2007-07-19	2007083	11 14 18 20 21 26 05	100264804	5	37
2007-07-17	2007082	05 15 17 18 25 32 15	101473624	7	46
2007-07-15	2007081	09 14 15 19 24 33 13	120651274	5	58
2007-07-12	2007080	01 08 16 18 19 29 04	105252328	7	125
2007-07-10	2007079	03 04 14 20 21 25 14	103249956	1	41
2007-07-08	2007078	04 06 07 23 25 32 01	121749606	3	23
2007-07-05	2007077	06 08 14 21 28 29 02	107569632	2	68
2007-07-03	2007076	06 12 15 16 20 31 02	106329426	0	29
2007-07-01	2007075	13 16 17 22 30 32 03	125477334	2	34
2007-06-28	2007074	08 13 15 25 27 28 03	108638452	5	47
2007-06-26	2007073	05 09 11 19 28 31 02	109359702	4	55
返回码=200
抓取：http://kaijiang.zhcw.com/zhcw/html/ssq/list_49.html
2007-06-24	2007072	02 04 08 13 14 33 16	131085768	5	40
2007-06-21	2007071	01 06 14 21 30 31 09	116647272	4	37
2007-06-19	2007070	06 08 15 17 18 30 12	114811644	4	54
2007-06-17	2007069	03 04 11 12 14 32 12	137143568	4	17
2007-06-14	2007068	11 18 19 22 23 28 01	109334584	1	24
2007-06-12	2007067	06 11 13 17 21 23 11	106213796	1	27
2007-06-10	2007066	05 11 16 24 32 33 08	122787844	1	49
2007-06-07	2007065	04 07 19 21 25 31 07	106720024	6	69
2007-06-05	2007064	02 06 09 16 21 23 16	107504678	1	23
2007-06-03	2007063	10 15 17 24 26 28 12	124445210	3	48
2007-05-31	2007062	08 17 20 29 30 33 09	106979026	2	30
2007-05-29	2007061	01 06 07 11 20 23 05	107509478	0	25
2007-05-27	2007060	01 02 08 16 19 29 05	122877416	1	42
2007-05-24	2007059	01 03 04 06 07 29 14	107668468	0	12
2007-05-22	2007058	07 08 10 13 25 27 07	106118326	6	85
2007-05-20	2007057	05 11 18 19 20 21 09	125193540	3	27
2007-05-17	2007056	14 17 21 29 31 32 12	111070368	1	26
2007-05-15	2007055	02 06 11 22 28 29 02	109364728	2	66
2007-05-13	2007054	01 03 16 18 23 28 05	126641628	1	35
2007-05-10	2007053	10 13 16 17 18 27 11	109175190	2	19
返回码=200
抓取：http://kaijiang.zhcw.com/zhcw/html/ssq/list_50.html
2007-05-08	2007052	02 03 07 08 26 29 07	107460952	2	25
2007-05-06	2007051	03 14 16 26 27 33 13	128364720	6	30
2007-05-03	2007050	01 05 08 13 18 25 02	105495070	3	87
2007-05-01	2007049	04 14 18 19 31 33 02	109032730	2	39
2007-04-29	2007048	02 11 12 15 17 28 12	136379094	5	56
2007-04-26	2007047	02 04 16 18 23 30 06	119916622	3	57
2007-04-24	2007046	02 06 07 09 19 26 14	119427296	4	54
2007-04-22	2007045	01 12 18 21 28 30 10	136615924	2	71
2007-04-19	2007044	09 13 20 21 24 32 08	124340438	1	47
2007-04-17	2007043	03 08 10 11 14 30 05	122386058	4	39
2007-04-15	2007042	03 13 16 19 32 33 08	142691830	0	27
2007-04-12	2007041	01 03 09 11 26 31 12	121205882	1	47
2007-04-10	2007040	13 14 15 19 24 30 10	118331436	0	45
2007-04-08	2007039	06 07 19 24 27 29 01	143011060	5	82
2007-04-05	2007038	03 11 14 19 21 30 05	119984574	3	26
2007-04-03	2007037	10 11 16 23 31 33 16	116812284	0	12
2007-04-01	2007036	03 14 21 23 30 31 10	134541242	1	18
2007-03-29	2007035	01 04 08 12 29 31 06	114653702	2	15
2007-03-27	2007034	02 09 12 14 23 25 16	114516916	0	61
2007-03-25	2007033	03 04 11 17 18 28 09	134912082	8	103
返回码=200
抓取：http://kaijiang.zhcw.com/zhcw/html/ssq/list_51.html
2007-03-22	2007032	04 08 16 24 30 32 16	119343222	7	50
2007-03-20	2007031	04 06 10 12 19 31 01	117363182	2	41
2007-03-18	2007030	03 16 21 22 27 30 04	133913730	2	51
2007-03-15	2007029	06 08 09 11 19 21 10	113666804	2	64
2007-03-13	2007028	03 08 13 20 29 30 11	116965154	5	69
2007-03-11	2007027	02 03 09 22 24 27 11	128748636	0	25
2007-03-08	2007026	01 04 14 16 26 29 10	109462504	2	51
2007-03-06	2007025	03 16 18 22 23 26 03	104560512	5	50
2007-03-04	2007024	08 09 17 25 27 32 06	121542842	3	52
2007-03-01	2007023	03 07 13 17 32 33 02	112284838	1	38
2007-02-27	2007022	02 04 07 10 18 27 10	107756880	8	52
2007-02-25	2007021	03 06 09 11 25 31 13	113756430	4	30
2007-02-15	2007020	05 10 16 20 28 31 14	126700040	1	86
2007-02-13	2007019	04 11 16 23 29 31 14	115956594	3	210
2007-02-11	2007018	01 12 18 20 21 26 11	133609680	7	77
2007-02-08	2007017	05 09 10 24 25 32 14	114012860	3	46
2007-02-06	2007016	01 18 20 22 26 33 05	116998640	8	35
2007-02-04	2007015	03 04 08 18 22 30 15	139341652	2	72
2007-02-01	2007014	01 13 16 20 24 26 09	115219742	2	33
2007-01-30	2007013	05 15 18 27 29 32 05	115053692	1	45
返回码=200
抓取：http://kaijiang.zhcw.com/zhcw/html/ssq/list_52.html
2007-01-28	2007012	03 05 07 21 26 28 04	134084158	1	26
2007-01-25	2007011	03 10 15 25 28 33 16	115841486	1	24
2007-01-23	2007010	03 08 14 17 30 32 05	115335536	3	37
2007-01-21	2007009	02 04 14 15 25 27 15	132693662	3	78
2007-01-18	2007008	01 04 05 18 19 25 10	116492752	2	38
2007-01-16	2007007	04 12 15 17 22 32 14	111917406	3	31
2007-01-14	2007006	06 10 14 22 26 27 11	130460716	7	82
2007-01-11	2007005	01 05 06 16 24 30 12	113427606	1	28
2007-01-09	2007004	03 07 10 13 25 33 10	109946044	3	38
2007-01-07	2007003	05 09 11 12 22 27 15	129783464	2	98
2007-01-04	2007002	05 06 14 20 21 22 01	112130528	1	45
2007-01-02	2007001	02 04 09 10 20 26 14	107551896	1	40
2006-12-31	2006154	07 14 18 20 30 33 13	141112320	4	34
2006-12-28	2006153	01 07 11 20 30 33 10	116654792	2	26
2006-12-26	2006152	01 14 20 25 27 31 15	119601334	2	29
2006-12-24	2006151	01 03 04 06 16 22 08	138410226	3	29
2006-12-21	2006150	08 09 12 18 25 27 12	115993740	3	84
2006-12-19	2006149	02 03 05 11 15 32 15	115306168	3	34
2006-12-17	2006148	04 08 12 13 23 29 01	132637320	2	64
2006-12-14	2006147	01 04 15 17 27 31 01	116514674	3	62
返回码=200
抓取：http://kaijiang.zhcw.com/zhcw/html/ssq/list_53.html
2006-12-12	2006146	03 09 13 23 28 30 05	115654738	3	62
2006-12-10	2006145	02 07 23 26 28 31 07	132458778	2	33
2006-12-07	2006144	04 10 13 16 22 29 06	114335670	0	29
2006-12-05	2006143	01 15 20 29 31 32 08	112319084	1	19
2006-12-03	2006142	10 16 19 22 26 27 16	129524666	5	50
2006-11-30	2006141	16 18 22 23 25 31 11	113085938	4	18
2006-11-28	2006140	01 08 11 18 19 23 05	113078350	4	46
2006-11-26	2006139	07 08 14 21 23 25 05	131547148	1	62
2006-11-23	2006138	04 09 11 17 18 26 08	117330686	8	65
2006-11-21	2006137	10 14 17 21 27 31 09	114978368	7	31
2006-11-19	2006136	11 15 17 21 22 24 05	134814524	1	33
2006-11-16	2006135	04 19 21 22 23 31 04	117256018	1	11
2006-11-14	2006134	10 13 18 26 28 30 12	117122256	3	26
2006-11-12	2006133	04 06 20 25 29 31 03	132260424	0	29
2006-11-09	2006132	06 14 22 26 30 33 01	112975272	0	19
2006-11-07	2006131	03 04 09 22 26 33 01	109252010	0	30
2006-11-05	2006130	01 12 21 22 30 32 02	127450422	2	36
2006-11-02	2006129	09 14 18 22 27 29 12	114763814	18	192
2006-10-31	2006128	04 15 21 30 31 33 05	112378664	2	27
2006-10-29	2006127	03 04 11 17 19 30 01	132007038	1	68
返回码=200
抓取：http://kaijiang.zhcw.com/zhcw/html/ssq/list_54.html
2006-10-26	2006126	02 08 13 16 24 33 09	112001142	5	32
2006-10-24	2006125	15 19 23 30 32 33 06	108541420	0	23
2006-10-22	2006124	12 13 14 18 31 32 13	126512484	3	33
2006-10-19	2006123	02 03 20 25 28 32 06	109186124	0	29
2006-10-17	2006122	04 05 06 08 22 24 03	106944306	6	26
2006-10-15	2006121	03 04 06 27 31 33 06	121563190	0	20
2006-10-12	2006120	06 08 14 15 24 33 09	106800148	16	45
2006-10-10	2006119	01 02 14 20 27 30 02	104253630	3	18
2006-10-08	2006118	01 03 07 08 10 30 05	120456838	1	38
2006-10-05	2006117	06 14 20 22 23 26 09	102567054	0	27
2006-10-03	2006116	05 16 21 22 32 33 09	98613202	4	19
2006-10-01	2006115	01 10 20 26 28 29 15	124883314	8	26
2006-09-28	2006114	08 10 14 20 27 29 16	108934344	2	38
2006-09-26	2006113	05 14 17 18 28 33 02	107572058	4	43
2006-09-24	2006112	04 09 13 15 31 33 11	125399344	2	24
2006-09-21	2006111	01 08 11 16 17 22 15	108913454	2	57
2006-09-19	2006110	09 12 14 18 27 33 13	109867074	0	37
2006-09-17	2006109	01 05 17 18 23 26 13	126119150	1	55
2006-09-14	2006108	02 06 08 20 24 30 09	109119888	6	39
2006-09-12	2006107	01 06 08 13 17 30 07	104721686	4	52
返回码=200
抓取：http://kaijiang.zhcw.com/zhcw/html/ssq/list_55.html
2006-09-10	2006106	02 12 14 19 28 33 10	125436850	3	43
2006-09-07	2006105	05 12 14 15 20 31 01	107101384	0	24
2006-09-05	2006104	03 07 22 27 28 31 11	103600434	1	27
2006-09-03	2006103	12 14 15 25 28 31 06	121181078	1	33
2006-08-31	2006102	01 04 13 19 20 24 11	101870248	0	29
2006-08-29	2006101	09 12 20 26 27 28 16	103642530	3	34
2006-08-27	2006100	01 11 18 26 30 32 03	121377382	0	26
2006-08-24	2006099	09 12 18 23 24 27 05	104632276	3	37
2006-08-22	2006098	06 07 10 11 18 23 16	106596798	2	49
2006-08-20	2006097	11 14 15 20 26 27 12	121243358	0	36
2006-08-17	2006096	01 05 09 13 18 33 14	104405910	0	92
2006-08-15	2006095	01 03 17 20 21 29 16	102008350	0	22
2006-08-13	2006094	15 16 17 18 24 33 13	118981520	1	22
2006-08-10	2006093	02 12 16 18 19 23 05	103069550	0	27
2006-08-08	2006092	02 08 11 16 20 21 14	100741394	1	27
2006-08-06	2006091	07 08 12 21 22 24 07	117308110	1	45
2006-08-03	2006090	02 11 15 20 23 29 11	96271594	3	59
2006-08-01	2006089	01 13 16 18 19 22 01	94591130	2	32
2006-07-30	2006088	03 11 20 24 25 26 01	114786458	5	27
2006-07-27	2006087	04 05 08 09 12 30 05	100404616	2	32
返回码=200
抓取：http://kaijiang.zhcw.com/zhcw/html/ssq/list_56.html
2006-07-25	2006086	04 06 10 24 26 31 06	100268238	3	43
2006-07-23	2006085	02 06 18 21 24 25 08	113841824	3	30
2006-07-20	2006084	01 12 17 21 25 28 12	95796786	5	24
2006-07-18	2006083	07 09 18 19 26 29 10	94698606	7	66
2006-07-16	2006082	03 13 15 23 28 29 09	110771614	8	86
2006-07-13	2006081	14 16 18 21 22 32 04	94879564	1	31
2006-07-11	2006080	15 17 20 22 26 29 09	95689488	1	8
2006-07-09	2006079	06 11 13 17 20 32 08	113367342	3	53
2006-07-06	2006078	03 05 17 22 31 33 12	96331128	2	45
2006-07-04	2006077	08 09 12 13 19 33 09	95566810	0	21
2006-07-02	2006076	04 10 17 21 29 32 14	111315098	7	48
2006-06-29	2006075	10 21 22 23 25 33 11	98135212	1	18
2006-06-27	2006074	01 03 15 19 25 33 04	97994678	0	22
2006-06-25	2006073	05 13 16 18 27 29 12	113367342	3	53
2006-06-22	2006072	02 03 05 20 21 24 08	97222706	0	14
2006-06-20	2006071	05 11 12 19 29 31 01	98069610	2	46
2006-06-18	2006070	02 03 11 13 20 27 02	117810232	2	49
2006-06-15	2006069	05 16 20 22 29 30 08	103486846	1	18
2006-06-13	2006068	03 07 10 14 30 33 10	101776294	2	40
2006-06-11	2006067	07 08 11 16 17 24 13	119304720	0	36
返回码=200
抓取：http://kaijiang.zhcw.com/zhcw/html/ssq/list_57.html
2006-06-08	2006066	06 08 11 18 30 33 05	105113854	1	22
2006-06-06	2006065	04 08 17 28 29 30 13	105179330	2	39
2006-06-04	2006064	03 12 14 21 24 28 11	120208036	4	76
2006-06-01	2006063	04 05 15 21 23 24 08	101449632	2	18
2006-05-30	2006062	18 22 23 24 26 30 01	103173418	0	16
2006-05-28	2006061	05 13 17 19 25 30 11	119567188	3	45
2006-05-25	2006060	05 15 19 23 30 32 14	103935570	1	33
2006-05-23	2006059	05 10 15 17 27 29 11	100396304	3	60
2006-05-21	2006058	01 12 22 23 24 25 14	116033720	2	50
2006-05-18	2006057	03 04 17 18 21 31 08	99929702	3	30
2006-05-16	2006056	11 13 15 21 23 25 08	103929956	10	76
2006-05-14	2006055	04 05 28 29 31 33 11	119895110	5	29
2006-05-11	2006054	03 05 07 10 28 30 04	103152448	3	47
2006-05-09	2006053	01 11 17 27 28 31 02	100676240	7	59
2006-05-07	2006052	11 24 26 27 30 32 03	118886736	1	27
2006-05-04	2006051	02 06 07 17 27 30 16	97800512	1	30
2006-05-01	2006050	02 06 12 15 25 31 07	94915860	1	39
2006-04-30	2006049	06 10 12 13 17 20 03	123714924	3	29
2006-04-27	2006048	09 13 19 25 29 32 12	108892170	3	20
2006-04-25	2006047	02 17 20 22 28 32 03	109048914	2	20
返回码=200
抓取：http://kaijiang.zhcw.com/zhcw/html/ssq/list_58.html
2006-04-23	2006046	13 18 23 29 31 32 08	128175586	3	22
2006-04-20	2006045	06 07 10 14 20 21 04	109852122	0	53
2006-04-18	2006044	02 10 18 21 30 31 05	107026164	0	24
2006-04-16	2006043	05 12 13 16 23 32 03	125637310	2	36
2006-04-13	2006042	03 16 23 26 28 31 11	105723260	1	7
2006-04-11	2006041	03 10 16 18 21 28 04	105725214	2	49
2006-04-09	2006040	15 22 25 26 28 33 03	123352566	0	20
2006-04-06	2006039	16 19 22 28 31 32 03	106258396	1	18
2006-04-04	2006038	02 14 17 19 22 30 10	101996466	2	32
2006-04-02	2006037	02 12 23 24 25 32 14	124438394	1	59
2006-03-30	2006036	04 07 10 16 17 21 09	109841862	1	38
2006-03-28	2006035	03 09 13 21 27 29 13	107522946	2	117
2006-03-26	2006034	02 10 15 16 17 33 13	128871804	4	38
2006-03-23	2006033	15 20 22 23 27 31 06	111163226	0	5
2006-03-21	2006032	05 18 20 24 26 31 09	110906190	4	24
2006-03-19	2006031	03 10 12 16 31 32 14	124118424	0	16
2006-03-16	2006030	08 13 15 17 20 32 14	104007536	0	21
2006-03-14	2006029	03 04 07 09 14 19 08	101076256	3	28
2006-03-12	2006028	05 07 14 16 17 27 04	115594746	3	40
2006-03-09	2006027	06 08 11 14 16 27 15	105074006	2	27
返回码=200
抓取：http://kaijiang.zhcw.com/zhcw/html/ssq/list_59.html
2006-03-07	2006026	01 02 18 22 29 32 03	101697504	2	19
2006-03-05	2006025	03 04 17 19 24 32 05	114242160	2	26
2006-03-02	2006024	02 07 09 11 21 27 06	99899450	2	43
2006-02-28	2006023	04 13 14 19 23 28 08	94622606	6	32
2006-02-26	2006022	02 03 04 13 16 27 13	109077186	0	17
2006-02-23	2006021	01 02 05 20 21 22 09	94454936	2	26
2006-02-21	2006020	05 09 21 23 26 29 06	93253284	1	39
2006-02-19	2006019	04 06 13 22 26 32 07	105480332	2	21
2006-02-16	2006018	01 13 14 17 24 26 05	87008450	0	17
2006-02-14	2006017	03 04 08 31 32 33 02	89616926	2	28
2006-02-12	2006016	01 07 13 17 23 30 16	103427620	2	105
2006-02-09	2006015	02 03 09 15 29 32 03	88355360	5	22
2006-02-07	2006014	06 14 26 29 32 33 07	82668894	2	12
2006-02-05	2006013	01 05 06 12 16 21 11	84977250	1	30
2006-01-26	2006012	09 11 13 27 31 33 10	101562774	3	28
2006-01-24	2006011	05 07 08 14 27 31 11	89227522	2	28
2006-01-22	2006010	04 06 12 19 27 29 08	110089308	17	93
2006-01-19	2006009	05 06 08 20 26 30 06	91943224	4	51
2006-01-17	2006008	03 05 09 18 28 32 16	91800142	9	117
2006-01-15	2006007	04 16 18 27 32 33 07	111611858	2	22
返回码=200
抓取：http://kaijiang.zhcw.com/zhcw/html/ssq/list_60.html
2006-01-12	2006006	08 21 22 23 26 32 14	95871778	3	14
2006-01-10	2006005	03 19 20 24 26 27 11	95099522	2	20
2006-01-08	2006004	04 08 17 27 28 31 07	110726140	7	61
2006-01-05	2006003	02 04 05 06 16 20 12	97626902	1	17
2006-01-03	2006002	07 13 16 21 26 28 09	94624640	5	34
2006-01-01	2006001	01 12 15 19 21 28 03	118081372	2	21
2005-12-29	2005153	04 05 07 21 26 29 01	97908590	1	16
2005-12-27	2005152	01 05 12 14 21 27 03	94543810	8	46
2005-12-25	2005151	04 11 12 13 19 30 05	112380820	3	56
2005-12-22	2005150	03 07 10 14 18 20 02	94339478	1	54
2005-12-20	2005149	11 16 21 23 25 32 07	93699080	2	27
2005-12-18	2005148	03 15 17 23 24 29 13	107658676	3	47
2005-12-15	2005147	06 07 15 27 28 30 10	92151598	0	27
2005-12-13	2005146	07 11 19 20 24 28 02	91683000	3	39
2005-12-11	2005145	03 07 08 17 20 28 15	107763236	5	64
2005-12-08	2005144	01 08 14 15 19 27 09	93615492	3	33
2005-12-06	2005143	03 10 15 17 20 32 08	89833786	3	16
2005-12-04	2005142	07 10 12 17 22 29 05	107920884	6	33
2005-12-01	2005141	03 05 08 12 16 19 15	98736818	4	55
2005-11-29	2005140	04 06 07 08 12 17 07	97816778	1	17
返回码=200
抓取：http://kaijiang.zhcw.com/zhcw/html/ssq/list_61.html
2005-11-27	2005139	02 07 20 23 32 33 10	113954368	4	19
2005-11-24	2005138	03 05 06 11 20 22 13	99148234	0	34
2005-11-22	2005137	03 09 15 23 25 33 12	94838566	2	36
2005-11-20	2005136	05 14 16 18 25 27 13	110922040	2	46
2005-11-17	2005135	01 05 13 15 21 25 11	98055380	2	15
2005-11-15	2005134	04 13 14 18 26 30 01	96024468	0	27
2005-11-13	2005133	01 07 14 16 18 25 11	112647856	2	108
2005-11-10	2005132	02 04 10 18 27 29 15	94130152	0	22
2005-11-08	2005131	02 07 10 11 12 24 03	92470384	1	47
2005-11-06	2005130	03 05 09 15 20 25 16	107409392	6	104
2005-11-03	2005129	05 10 14 20 27 33 03	92402414	1	40
2005-11-01	2005128	02 04 14 23 29 33 15	90364038	7	23
2005-10-30	2005127	04 06 11 14 23 25 12	100319936	2	22
2005-10-27	2005126	02 08 13 19 25 26 09	89725146	13	148
2005-10-25	2005125	06 14 18 28 31 32 03	87866546	5	10
2005-10-23	2005124	05 06 10 19 31 33 11	100141228	3	34
2005-10-20	2005123	11 12 13 17 18 25 07	88748762	4	32
2005-10-18	2005122	01 04 07 14 30 32 09	86580310	1	11
2005-10-16	2005121	01 07 20 25 31 32 12	98424618	1	9
2005-10-13	2005120	01 06 13 18 30 32 14	85309164	0	15
返回码=200
抓取：http://kaijiang.zhcw.com/zhcw/html/ssq/list_62.html
2005-10-11	2005119	01 07 11 18 20 22 02	84606492	1	73
2005-10-09	2005118	04 09 12 15 26 31 16	100005930	3	113
2005-10-06	2005117	06 17 22 27 28 32 03	88046422	1	34
2005-10-04	2005116	04 06 08 14 15 30 10	82761716	2	14
2005-10-02	2005115	03 12 18 23 30 33 02	100744056	2	27
2005-09-29	2005114	06 07 10 15 21 27 06	83220546	2	20
2005-09-27	2005113	15 18 20 22 26 27 03	84045660	4	11
2005-09-25	2005112	04 12 22 28 29 30 16	96648022	0	24
2005-09-22	2005111	03 07 15 16 19 29 09	84986902	1	24
2005-09-20	2005110	07 10 16 19 24 25 09	80799964	2	24
2005-09-18	2005109	03 05 13 15 17 31 04	95781382	1	17
2005-09-15	2005108	03 10 12 24 29 30 06	84723006	4	24
2005-09-13	2005107	09 10 20 24 25 26 11	84794920	3	35
2005-09-11	2005106	01 11 13 24 26 31 13	99286104	6	35
2005-09-08	2005105	04 15 23 30 32 33 03	87687830	2	14
2005-09-06	2005104	02 04 21 23 30 33 09	87523934	1	7
2005-09-04	2005103	04 07 16 18 23 30 07	101882938	7	72
2005-09-01	2005102	02 05 06 14 24 31 12	85261292	0	7
2005-08-30	2005101	09 16 19 21 22 24 12	83203780	0	17
2005-08-28	2005100	02 04 09 14 16 31 03	98607066	0	19
返回码=200
抓取：http://kaijiang.zhcw.com/zhcw/html/ssq/list_63.html
2005-08-25	2005099	10 13 16 22 24 31 09	84539242	3	12
2005-08-23	2005098	12 15 19 22 31 33 01	82354218	2	18
2005-08-21	2005097	05 10 23 27 28 30 15	95744622	4	19
2005-08-18	2005096	04 05 17 18 26 33 04	85977004	1	28
2005-08-16	2005095	09 12 18 21 28 29 05	81902156	0	27
2005-08-14	2005094	03 05 09 23 27 33 03	92955416	0	16
2005-08-11	2005093	04 06 17 23 25 29 14	81066546	2	61
2005-08-09	2005092	08 13 19 26 28 31 10	82564864	4	25
2005-08-07	2005091	01 11 12 15 26 27 13	95665834	2	28
2005-08-04	2005090	01 09 21 25 29 32 03	82913536	1	10
2005-08-02	2005089	05 19 20 23 26 31 12	79337620	0	25
2005-07-31	2005088	01 03 07 18 20 24 07	90904986	1	27
2005-07-28	2005087	08 09 15 16 23 26 08	79213276	1	37
2005-07-26	2005086	07 11 12 24 27 29 12	77364602	5	61
2005-07-24	2005085	08 09 13 14 20 22 12	89568388	1	47
2005-07-21	2005084	01 02 07 15 19 20 03	78941520	8	28
2005-07-19	2005083	03 05 09 14 16 30 13	76251350	3	25
2005-07-17	2005082	01 07 11 14 19 20 12	90397368	1	40
2005-07-14	2005081	02 04 10 12 26 30 03	78229226	2	37
2005-07-12	2005080	01 12 14 26 27 32 16	77732422	1	27
返回码=200
抓取：http://kaijiang.zhcw.com/zhcw/html/ssq/list_64.html
2005-07-10	2005079	03 09 20 24 25 28 05	90690486	2	24
2005-07-07	2005078	03 11 15 20 26 32 11	78597462	1	24
2005-07-05	2005077	08 17 22 24 32 33 16	76776232	1	25
2005-07-03	2005076	04 09 11 22 25 28 13	89406860	1	45
2005-06-30	2005075	11 13 14 16 18 31 14	77727922	2	14
2005-06-28	2005074	06 09 18 20 26 29 09	77117314	4	26
2005-06-26	2005073	01 06 08 09 18 20 01	91231396	2	29
2005-06-23	2005072	06 10 19 20 24 33 11	79624618	3	38
2005-06-21	2005071	04 08 12 14 16 22 10	76440970	0	15
2005-06-19	2005070	03 04 08 14 16 26 04	93029490	2	21
2005-06-16	2005069	07 09 21 24 31 33 12	77421708	0	17
2005-06-14	2005068	01 08 10 13 25 33 13	76931454	3	20
2005-06-12	2005067	03 12 16 20 21 26 16	91360150	2	40
2005-06-09	2005066	02 04 10 11 25 28 05	78834656	2	30
2005-06-07	2005065	12 16 17 21 22 23 16	78406326	2	17
2005-06-04	2005064	10 18 23 27 30 32 08	91725346	1	22
2005-06-02	2005063	02 11 13 18 22 30 04	78062342	2	14
2005-05-31	2005062	02 07 11 12 20 23 07	78069394	4	32
2005-05-29	2005061	05 09 14 21 23 24 01	91763234	0	20
2005-05-26	2005060	09 12 21 25 31 33 13	80020874	3	17
返回码=200
抓取：http://kaijiang.zhcw.com/zhcw/html/ssq/list_65.html
2005-05-24	2005059	07 11 14 18 24 29 07	78358206	5	63
2005-05-22	2005058	04 06 10 21 25 26 10	93045298	1	36
2005-05-19	2005057	05 06 10 15 30 31 13	79892628	1	20
2005-05-17	2005056	12 17 19 27 29 31 09	76174508	4	46
2005-05-15	2005055	05 20 22 30 32 33 09	93309308	2	20
2005-05-12	2005054	05 13 17 18 21 29 14	81854430	1	34
2005-05-10	2005053	04 07 10 14 27 29 09	76967356	3	25
2005-05-08	2005052	01 02 14 17 30 32 01	90275684	1	20
2005-05-05	2005051	03 06 14 19 20 21 02	72706272	1	43
2005-05-03	2005050	02 09 12 20 26 32 13	132579703	0	23
2005-05-01	2005049	02 03 08 10 25 27 12	87276712	1	9
2005-04-28	2005048	06 07 08 10 16 28 02	80188244	0	29
2005-04-26	2005047	02 03 05 07 08 27 15	77150922	0	22
2005-04-24	2005046	09 16 18 20 22 24 05	91639786	1	23
2005-04-21	2005045	01 07 10 15 18 20 10	77512424	0	19
2005-04-19	2005044	01 06 16 17 18 22 09	70627418	0	32
2005-04-17	2005043	04 05 06 07 08 32 05	91903906	7	14
2005-04-14	2005042	11 16 21 26 27 30 15	79192448	2	24
2005-04-12	2005041	02 11 16 23 24 29 03	78144480	3	36
2005-04-10	2005040	01 12 21 24 30 32 13	89311042	1	14
返回码=200
抓取：http://kaijiang.zhcw.com/zhcw/html/ssq/list_66.html
2005-04-07	2005039	02 16 18 19 21 29 09	78209132	2	18
2005-04-05	2005038	04 07 11 20 27 28 16	76754210	2	69
2005-04-03	2005037	07 12 14 22 24 32 16	88843416	1	25
2005-03-31	2005036	12 19 20 21 26 31 15	76548738	0	21
2005-03-29	2005035	12 16 21 28 29 30 14	73995036	1	15
2005-03-27	2005034	05 17 18 25 28 32 09	92625150	8	54
2005-03-24	2005033	07 08 12 14 19 20 07	76996234	0	10
2005-03-22	2005032	05 15 19 20 25 29 03	75420852	4	52
2005-03-20	2005031	04 10 16 20 23 32 07	88181316	1	44
2005-03-17	2005030	01 05 09 14 22 28 05	78215814	3	34
2005-03-15	2005029	02 14 21 22 27 30 14	73015078	0	12
2005-03-13	2005028	04 09 22 25 26 32 10	83942448	1	18
2005-03-10	2005027	01 03 04 06 21 32 15	74896882	1	12
2005-03-08	2005026	06 12 14 20 25 26 07	72124158	1	24
2005-03-06	2005025	01 07 10 11 13 32 07	83986854	1	18
2005-03-03	2005024	05 09 14 27 31 32 13	72808046	4	37
2005-03-01	2005023	10 15 19 20 21 25 12	70112088	4	20
2005-02-27	2005022	08 10 12 21 32 33 04	87869528	8	52
2005-02-24	2005021	02 06 24 26 30 31 16	74925080	0	5
2005-02-22	2005020	14 16 19 20 25 29 05	71772338	1	27
返回码=200
抓取：http://kaijiang.zhcw.com/zhcw/html/ssq/list_67.html
2005-02-20	2005019	06 11 12 13 19 22 08	80017318	1	17
2005-02-17	2005018	01 03 06 22 23 25 06	70853674	1	22
2005-02-08	2005017	02 06 10 25 27 31 03	69139166	2	17
2005-02-06	2005016	01 05 06 12 16 30 15	85896264	0	27
2005-02-03	2005015	04 08 09 16 17 29 15	71767638	1	43
2005-02-01	2005014	13 19 21 23 30 32 05	70400450	3	18
2005-01-30	2005013	07 08 16 19 20 24 06	85862110	9	62
2005-01-27	2005012	02 03 06 16 22 31 05	73524782	2	50
2005-01-25	2005011	09 11 13 15 22 30 15	70934662	1	15
2005-01-23	2005010	08 10 11 18 25 26 01	86560850	5	65
2005-01-20	2005009	02 17 22 27 29 31 14	74072772	1	11
2005-01-18	2005008	11 19 22 27 32 33 11	72041750	1	26
2005-01-16	2005007	07 15 17 20 23 33 15	86322510	2	15
2005-01-13	2005006	02 04 05 15 21 31 16	74203108	2	14
2005-01-11	2005005	05 09 20 26 28 33 15	87357176	2	61
2005-01-09	2005004	01 04 08 09 22 23 03	87357176	4	42
2005-01-06	2005003	09 12 15 19 22 31 16	74532408	6	26
2005-01-04	2005002	06 09 20 26 28 33 14	69161632	1	28
2005-01-02	2005001	01 07 08 23 27 28 14	82345328	0	24
2004-12-30	2004122	03 11 14 22 24 31 15	73723296	0	0
返回码=200
抓取：http://kaijiang.zhcw.com/zhcw/html/ssq/list_68.html
2004-12-28	2004121	07 13 16 18 30 32 10	71029820	0	0
2004-12-26	2004120	07 08 18 21 27 32 10	87000158	0	0
2004-12-23	2004119	06 09 18 20 25 33 06	74319134	0	0
2004-12-21	2004118	03 04 07 12 30 31 15	73120372	0	0
2004-12-19	2004117	01 03 07 14 24 25 07	88600982	0	0
2004-12-16	2004116	01 03 05 08 14 33 03	76958968	0	0
2004-12-14	2004115	02 16 20 30 31 33 01	73673592	0	0
2004-12-12	2004114	01 06 09 17 21 22 01	90387406	0	0
2004-12-09	2004113	08 10 23 25 31 32 07	78297556	0	0
2004-12-07	2004112	09 13 15 21 26 33 06	73167518	0	0
2004-12-05	2004111	11 16 18 20 26 31 02	85650300	0	0
2004-12-02	2004110	14 19 20 21 22 31 11	75845326	0	0
2004-11-30	2004109	06 08 10 17 30 31 14	70969916	0	0
2004-11-28	2004108	08 13 14 27 28 31 12	87178712	0	0
2004-11-25	2004107	01 08 12 13 18 20 07	73766690	0	0
2004-11-23	2004106	10 15 23 26 28 29 12	73170708	0	0
2004-11-21	2004105	07 09 10 21 23 30 12	88083126	0	0
2004-11-18	2004104	07 11 17 18 24 29 05	77680562	0	0
2004-11-16	2004103	02 03 05 09 16 21 02	78484502	0	0
2004-11-14	2004102	03 09 12 15 28 32 01	94949994	0	0
返回码=200
抓取：http://kaijiang.zhcw.com/zhcw/html/ssq/list_69.html
2004-11-11	2004101	02 09 14 19 25 26 15	70744348	0	0
2004-11-09	2004100	06 08 09 14 24 33 15	68740958	0	0
2004-11-07	2004099	05 10 21 22 26 33 02	80866870	0	0
2004-11-04	2004098	03 12 13 25 26 31 03	70521134	0	0
2004-11-02	2004097	10 19 20 26 29 31 14	67373290	0	0
2004-10-31	2004096	01 04 12 16 20 30 15	80026728	0	0
2004-10-28	2004095	19 22 27 28 30 32 01	71852542	0	0
2004-10-26	2004094	05 09 10 13 24 25 08	67261634	0	0
2004-10-24	2004093	11 14 20 27 32 33 05	79237088	0	0
2004-10-21	2004092	01 04 08 13 28 31 02	68711350	0	0
2004-10-19	2004091	09 13 14 21 30 33 01	65871134	0	0
2004-10-17	2004090	01 18 20 24 32 33 12	78631066	0	0
2004-10-14	2004089	14 17 20 25 28 30 14	67942334	0	0
2004-10-12	2004088	02 10 19 22 24 32 14	63311248	0	0
2004-10-10	2004087	01 03 07 08 25 26 14	79731102	0	0
2004-10-07	2004086	10 13 18 19 25 27 01	64152202	0	0
2004-10-05	2004085	03 08 11 29 30 32 01	58608118	0	0
2004-10-03	2004084	01 04 08 11 21 25 14	71287498	0	0
2004-09-30	2004083	14 16 27 28 30 33 06	67740048	0	0
2004-09-28	2004082	03 20 24 27 29 30 15	66973086	0	0
返回码=200
抓取：http://kaijiang.zhcw.com/zhcw/html/ssq/list_70.html
2004-09-26	2004081	03 05 21 24 27 32 06	80066860	0	0
2004-09-24	2004080	03 08 20 23 24 26 16	70123190	0	0
2004-09-21	2004079	07 13 14 17 19 30 03	63685518	0	0
2004-09-19	2004078	04 05 10 21 24 26 05	79354040	0	0
2004-09-16	2004077	08 09 10 14 16 26 07	69121428	0	0
2004-09-14	2004076	03 05 13 17 25 31 07	63859190	0	0
2004-09-12	2004075	07 18 21 26 27 28 07	78991502	0	0
2004-09-09	2004074	05 06 15 19 26 29 13	68096176	0	0
2004-09-07	2004073	02 07 13 16 23 28 16	61137370	0	0
2004-09-05	2004072	08 15 18 28 30 33 14	77849352	0	0
2004-09-02	2004071	03 08 16 17 21 29 06	67283612	0	0
2004-08-31	2004070	10 12 21 22 30 33 06	57522300	0	0
2004-08-29	2004069	02 11 15 20 22 29 05	75514566	0	0
2004-08-26	2004068	02 08 11 13 24 31 15	65964386	0	0
2004-08-24	2004067	01 06 07 13 16 32 04	52451144	0	0
2004-08-22	2004066	05 13 20 23 24 25 03	79363542	0	0
2004-08-19	2004065	13 14 27 29 32 33 08	81729668	0	0
2004-08-15	2004064	14 15 18 20 27 31 04	80884374	0	0
2004-08-12	2004063	07 10 13 16 27 28 07	80827418	0	0
2004-08-08	2004062	01 12 25 27 28 29 13	80873918	0	0
返回码=200
抓取：http://kaijiang.zhcw.com/zhcw/html/ssq/list_71.html
2004-08-05	2004061	13 16 19 20 23 33 09	83100610	0	0
2004-08-01	2004060	03 05 11 24 27 28 15	82300446	0	0
2004-07-29	2004059	04 07 11 19 23 26 10	81550264	0	0
2004-07-25	2004058	01 08 11 12 27 31 12	78945786	0	0
2004-07-22	2004057	05 21 23 25 28 32 04	78588992	0	0
2004-07-18	2004056	01 20 21 25 29 30 02	82258324	0	0
2004-07-15	2004055	06 08 19 25 29 32 07	82803812	0	0
2004-07-11	2004054	09 11 14 16 27 28 11	79867882	0	0
2004-07-08	2004053	02 03 04 09 24 25 02	80917678	0	0
2004-07-04	2004052	01 12 14 15 17 29 09	78771600	0	0
2004-07-01	2004051	02 03 09 10 15 29 11	77098174	0	0
2004-06-27	2004050	06 07 19 21 25 29 02	79279672	0	0
2004-06-24	2004049	11 12 14 16 25 29 09	82759940	0	0
2004-06-20	2004048	08 09 11 16 17 29 09	82446706	0	0
2004-06-17	2004047	01 07 08 11 27 31 06	83699424	0	0
2004-06-13	2004046	07 15 16 22 23 32 14	84024020	0	0
2004-06-10	2004045	01 12 18 26 27 28 13	87139276	0	0
2004-06-06	2004044	02 06 07 12 31 32 05	88925916	0	0
2004-06-03	2004043	04 09 10 21 22 24 10	88243112	0	0
2004-05-30	2004042	06 10 13 17 18 21 02	86844222	0	0
返回码=200
抓取：http://kaijiang.zhcw.com/zhcw/html/ssq/list_72.html
2004-05-27	2004041	08 10 17 22 25 29 14	87199902	0	0
2004-05-23	2004040	07 17 19 20 21 29 11	88282398	0	0
2004-05-20	2004039	10 16 18 25 26 29 03	89037042	0	0
2004-05-16	2004038	11 16 17 25 28 29 07	88138308	0	0
2004-05-13	2004037	03 04 11 17 20 26 05	88267394	0	0
2004-05-09	2004036	02 13 17 18 26 30 01	91493038	0	0
2004-05-06	2004035	02 08 26 27 30 32 16	80558094	0	0
2004-05-02	2004034	02 07 13 20 27 30 14	87333028	0	0
2004-04-29	2004033	01 04 08 09 19 20 01	95181550	0	0
2004-04-25	2004032	02 05 08 11 15 31 13	95382618	0	0
2004-04-22	2004031	03 06 19 20 21 24 11	93249470	0	0
2004-04-18	2004030	01 07 09 17 26 31 05	85809328	0	0
2004-04-15	2004029	09 13 20 22 24 32 05	88313002	0	0
2004-04-11	2004028	01 02 03 05 10 22 12	91292310	0	0
2004-04-08	2004027	01 05 09 10 18 32 11	89134080	0	0
2004-04-04	2004026	04 10 14 18 28 32 15	92237208	0	0
2004-04-01	2004025	07 08 10 24 29 33 04	96888986	0	0
2004-03-28	2004024	01 13 21 23 25 32 06	86812189	0	0
2004-03-25	2004023	01 08 14 17 19 30 03	76833710	0	0
2004-03-21	2004022	03 10 14 19 20 30 06	75568694	0	0
返回码=200
抓取：http://kaijiang.zhcw.com/zhcw/html/ssq/list_73.html
2004-03-18	2004021	05 09 11 17 26 27 10	73472684	0	0
2004-03-14	2004020	01 02 09 22 28 31 04	72242026	0	0
2004-03-11	2004019	05 10 11 23 24 32 04	70336884	0	0
2004-03-07	2004018	02 05 06 08 28 30 06	66466596	0	0
2004-03-04	2004017	05 12 14 15 25 31 09	64576288	0	0
2004-02-29	2004016	04 07 08 28 30 32 05	64489348	0	0
2004-02-26	2004015	01 03 05 18 22 23 13	67256520	0	0
2004-02-22	2004014	03 07 11 17 20 26 12	63952992	0	0
2004-02-19	2004013	12 14 21 29 30 32 13	64366718	0	0
2004-02-15	2004012	01 07 27 30 31 33 08	63403910	0	0
2004-02-12	2004011	01 04 13 23 28 30 03	64816706	0	0
2004-02-08	2004010	06 07 08 13 14 19 15	63960828	0	0
2004-02-05	2004009	01 09 10 16 22 24 11	62089966	0	0
2004-02-01	2004008	01 07 10 22 32 33 13	56569688	0	0
2004-01-29	2004007	04 12 17 20 25 28 09	55455670	0	0
2004-01-18	2004006	04 12 18 20 23 32 06	70062020	0	0
2004-01-15	2004005	09 11 13 16 17 18 07	67960088	0	0
2004-01-11	2004004	10 19 22 23 25 29 09	68221230	0	0
2004-01-08	2004003	03 05 06 17 26 33 08	68220442	0	0
2004-01-04	2004002	10 12 18 22 30 31 11	68295172	0	0
返回码=200
抓取：http://kaijiang.zhcw.com/zhcw/html/ssq/list_74.html
2004-01-01	2004001	01 02 03 07 10 25 07	66703336	0	0
2003-12-28	2003089	18 19 21 26 27 33 16	67728980	0	0
2003-12-25	2003088	03 10 21 22 24 33 12	64097276	0	0
2003-12-21	2003087	02 03 04 05 24 28 13	66127570	0	0
2003-12-18	2003086	05 12 16 18 26 30 13	64581496	0	0
2003-12-14	2003085	01 04 11 12 19 27 14	62490224	0	0
2003-12-11	2003084	02 06 07 10 17 33 03	62314966	0	0
2003-12-07	2003083	01 03 14 18 26 28 01	59695084	0	0
2003-12-04	2003082	07 17 18 19 30 31 14	61740044	0	0
2003-11-30	2003081	01 02 14 26 29 30 07	62508530	0	0
2003-11-27	2003080	09 20 24 25 28 30 10	61168028	0	0
2003-11-23	2003079	12 15 22 23 26 31 04	61225192	0	0
2003-11-20	2003078	07 12 23 26 29 30 11	61385292	0	0
2003-11-16	2003077	04 12 16 22 24 25 06	59628070	0	0
2003-11-13	2003076	01 13 16 18 20 29 02	58283200	0	0
2003-11-09	2003075	16 17 19 22 31 33 11	52503898	0	0
2003-11-06	2003074	02 12 19 22 27 32 01	59866792	0	0
2003-11-02	2003073	02 12 14 21 23 30 13	57551772	0	0
2003-10-30	2003072	03 06 08 11 19 27 11	63510334	0	0
2003-10-26	2003071	09 11 12 14 15 33 11	55288802	0	0
返回码=200
抓取：http://kaijiang.zhcw.com/zhcw/html/ssq/list_75.html
2003-10-23	2003070	01 02 04 17 18 19 08	48248338	0	0
2003-10-19	2003069	07 11 16 19 26 28 11	45227392	0	0
2003-10-16	2003068	09 19 25 27 32 33 11	46972102	0	0
2003-10-12	2003067	05 11 12 13 27 31 10	48129830	0	0
2003-10-09	2003066	03 07 08 20 24 32 14	45124280	0	0
2003-10-05	2003065	06 15 16 17 30 33 11	41948818	0	0
2003-10-02	2003064	04 06 08 12 15 30 01	40925392	0	0
2003-09-28	2003063	05 08 09 14 21 33 11	45643734	0	0
2003-09-25	2003062	01 06 12 19 20 32 14	40972030	0	0
2003-09-21	2003061	03 05 20 21 28 32 02	38065358	0	0
2003-09-18	2003060	02 04 06 17 21 28 11	35595266	0	0
2003-09-14	2003059	02 03 05 06 18 30 04	33611668	0	0
2003-09-11	2003058	09 11 16 28 32 33 02	31985104	0	0
2003-09-07	2003057	18 19 24 25 30 31 16	32781224	0	0
2003-09-04	2003056	08 17 21 26 28 29 07	32664536	0	0
2003-08-31	2003055	06 13 16 21 28 31 16	29508178	0	0
2003-08-28	2003054	02 05 09 21 31 33 12	29449334	0	0
2003-08-24	2003053	15 19 20 21 28 29 13	29854724	0	0
2003-08-21	2003052	01 12 13 23 30 31 11	28371758	0	0
2003-08-17	2003051	04 13 15 17 24 27 01	24831800	0	0
返回码=200
抓取：http://kaijiang.zhcw.com/zhcw/html/ssq/list_76.html
2003-08-14	2003050	02 08 17 23 24 26 13	28450710	0	0
2003-08-10	2003049	03 06 07 13 24 25 15	27734490	0	0
2003-08-07	2003048	10 12 20 28 30 31 09	27557888	0	0
2003-08-03	2003047	03 17 26 28 32 33 16	28355638	0	0
2003-07-31	2003046	07 08 10 11 17 26 11	27144542	0	0
2003-07-27	2003045	03 07 14 15 17 32 03	26657064	0	0
2003-07-24	2003044	02 05 09 16 32 33 15	26537776	0	0
2003-07-20	2003043	02 08 10 19 20 32 13	27416990	0	0
2003-07-17	2003042	03 05 07 10 15 20 07	26607702	0	0
2003-07-13	2003041	02 03 17 18 24 25 11	28265402	0	0
2003-07-10	2003040	04 05 06 12 14 23 16	27328054	0	0
2003-07-06	2003039	03 05 23 24 27 32 03	27694202	0	0
2003-07-03	2003038	05 07 08 24 25 27 16	26782590	0	0
2003-06-29	2003037	09 14 17 18 26 32 07	26257640	0	0
2003-06-26	2003036	07 21 24 25 27 28 15	25054376	0	0
2003-06-22	2003035	03 04 05 08 10 11 08	25179768	0	0
2003-06-19	2003034	08 13 14 16 23 25 14	22899946	0	0
2003-06-15	2003033	01 07 14 20 27 30 10	22266754	0	0
2003-06-12	2003032	04 11 25 27 29 30 13	20115568	0	0
2003-06-08	2003031	11 17 20 22 28 32 01	18101608	0	0
返回码=200
抓取：http://kaijiang.zhcw.com/zhcw/html/ssq/list_77.html
2003-06-05	2003030	02 06 13 14 23 27 07	16765384	0	0
2003-06-01	2003029	02 07 15 26 29 32 10	17515374	0	0
2003-05-29	2003028	06 13 16 20 28 32 07	17442014	0	0
2003-05-25	2003027	01 11 14 17 27 28 15	17626250	0	0
2003-05-22	2003026	08 13 15 26 29 31 16	16245314	0	0
2003-05-18	2003025	01 05 11 13 14 27 12	16536260	0	0
2003-05-15	2003024	02 07 15 17 22 30 14	15035104	0	0
2003-05-11	2003023	01 10 20 22 26 31 02	15374822	0	0
2003-05-08	2003022	02 07 11 12 14 32 08	13869188	0	0
2003-05-04	2003021	14 15 18 25 26 30 01	13537342	0	0
2003-05-01	2003020	07 10 25 26 27 32 04	14670860	0	0
2003-04-27	2003019	04 08 12 13 16 33 09	15159580	0	0
2003-04-24	2003018	05 16 19 20 25 28 13	14339392	0	0
2003-04-20	2003017	05 08 18 23 25 31 06	14451270	0	0
2003-04-17	2003016	11 17 28 30 31 33 06	13098324	0	0
2003-04-13	2003015	04 11 19 25 26 32 13	13460134	0	0
2003-04-10	2003014	03 05 07 08 21 31 02	12476130	0	0
2003-04-06	2003013	08 13 17 21 23 32 12	12611880	0	0
2003-04-03	2003012	02 12 16 17 27 30 12	12307262	0	0
2003-03-30	2003011	04 05 11 12 30 32 15	12782494	0	0
返回码=200
抓取：http://kaijiang.zhcw.com/zhcw/html/ssq/list_78.html
2003-03-27	2003010	01 02 08 13 17 24 13	12402130	0	0
2003-03-23	2003009	05 09 18 20 22 30 09	12386072	0	0
2003-03-20	2003008	05 08 09 14 17 23 08	11696278	0	0
2003-03-16	2003007	01 09 19 21 23 26 07	12124030	0	0
2003-03-13	2003006	01 03 10 21 26 27 06	10919658	0	0
2003-03-09	2003005	04 06 15 17 30 31 16	10661438	0	0
2003-03-06	2003004	04 06 07 10 13 25 03	9517794	0	0
2003-03-02	2003003	01 07 10 23 28 32 16	8917960	0	0
2003-02-27	2003002	04 09 19 20 21 26 12	7398870	0	0
2003-02-23	2003001	10 11 12 13 26 28 11	10307806	0	0
